# Created by Octave 5.2.0, Tue Oct 26 13:24:23 2021 CEST <omen@omen-linux>
# name: ans
# type: sparse matrix
# nnz: 2401
# rows: 169
# columns: 169
1 1 0.0044444444444444401
2 1 0.0022222222222222222
3 1 0.0007407407407407406
14 1 0.0022222222222222218
15 1 0.0011111111111111113
16 1 0.00037037037037037035
27 1 0.0007407407407407406
28 1 0.0003703703703703703
29 1 0.00012345679012345679
1 2 0.0022222222222222222
2 2 0.0029629629629629624
3 2 0.0022222222222222214
14 2 0.0011111111111111113
15 2 0.0014814814814814814
16 2 0.0011111111111111113
27 2 0.00037037037037037024
28 2 0.00049382716049382717
29 2 0.00037037037037037041
1 3 0.0007407407407407406
2 3 0.0022222222222222214
3 3 0.0088888888888888854
4 3 0.0022222222222222214
5 3 0.0007407407407407406
14 3 0.00037037037037037035
15 3 0.0011111111111111113
16 3 0.0044444444444444427
17 3 0.0011111111111111111
18 3 0.0003703703703703703
27 3 0.00012345679012345679
28 3 0.00037037037037037041
29 3 0.0014814814814814805
30 3 0.00037037037037037014
31 3 0.00012345679012345679
3 4 0.0022222222222222214
4 4 0.0029629629629629624
5 4 0.0022222222222222222
16 4 0.0011111111111111111
17 4 0.0014814814814814812
18 4 0.0011111111111111113
29 4 0.00037037037037037014
30 4 0.00049382716049382717
31 4 0.00037037037037037046
3 5 0.0007407407407407406
4 5 0.0022222222222222218
5 5 0.0088888888888888906
6 5 0.0022222222222222209
7 5 0.00074074074074074049
16 5 0.0003703703703703703
17 5 0.0011111111111111115
18 5 0.0044444444444444453
19 5 0.0011111111111111109
20 5 0.00037037037037037024
29 5 0.00012345679012345679
30 5 0.00037037037037037046
31 5 0.0014814814814814816
32 5 0.00037037037037037014
33 5 0.00012345679012345677
5 6 0.0022222222222222209
6 6 0.0029629629629629615
7 6 0.0022222222222222214
18 6 0.0011111111111111111
19 6 0.001481481481481481
20 6 0.0011111111111111109
31 6 0.00037037037037037014
32 6 0.00049382716049382706
33 6 0.00037037037037037024
5 7 0.00074074074074074038
6 7 0.0022222222222222209
7 7 0.0088888888888888837
8 7 0.0022222222222222231
9 7 0.0007407407407407406
18 7 0.00037037037037037024
19 7 0.0011111111111111109
20 7 0.0044444444444444418
21 7 0.001111111111111112
22 7 0.0003703703703703703
31 7 0.00012345679012345677
32 7 0.00037037037037037024
33 7 0.0014814814814814808
34 7 0.00037037037037037041
35 7 0.00012345679012345679
7 8 0.0022222222222222231
8 8 0.0029629629629629624
9 8 0.0022222222222222205
20 8 0.001111111111111112
21 8 0.0014814814814814812
22 8 0.0011111111111111107
33 8 0.00037037037037037041
34 8 0.00049382716049382706
35 8 0.00037037037037037019
7 9 0.0007407407407407406
8 9 0.0022222222222222201
9 9 0.0088888888888888785
10 9 0.0022222222222222209
11 9 0.0007407407407407406
20 9 0.0003703703703703703
21 9 0.0011111111111111107
22 9 0.0044444444444444392
23 9 0.0011111111111111107
24 9 0.0003703703703703703
33 9 0.00012345679012345679
34 9 0.00037037037037037019
35 9 0.0014814814814814799
36 9 0.00037037037037037008
37 9 0.00012345679012345679
9 10 0.0022222222222222209
10 10 0.0029629629629629624
11 10 0.0022222222222222231
22 10 0.0011111111111111107
23 10 0.0014814814814814812
24 10 0.0011111111111111118
35 10 0.00037037037037037008
36 10 0.00049382716049382706
37 10 0.00037037037037037057
9 11 0.0007407407407407406
10 11 0.0022222222222222222
11 11 0.0088888888888888889
12 11 0.0022222222222222227
13 11 0.00074074074074074081
22 11 0.0003703703703703703
23 11 0.0011111111111111118
24 11 0.0044444444444444436
25 11 0.0011111111111111122
26 11 0.00037037037037037035
35 11 0.00012345679012345679
36 11 0.00037037037037037057
37 11 0.0014814814814814814
38 11 0.00037037037037037046
39 11 0.00012345679012345682
11 12 0.0022222222222222227
12 12 0.0029629629629629637
13 12 0.0022222222222222222
24 12 0.001111111111111112
25 12 0.0014814814814814816
26 12 0.0011111111111111118
37 12 0.00037037037037037046
38 12 0.00049382716049382728
39 12 0.00037037037037037051
11 13 0.00074074074074074081
12 13 0.0022222222222222222
13 13 0.0044444444444444444
24 13 0.00037037037037037035
25 13 0.0011111111111111118
26 13 0.002222222222222224
37 13 0.00012345679012345682
38 13 0.00037037037037037051
39 13 0.00074074074074074114
1 14 0.0022222222222222218
2 14 0.0011111111111111113
3 14 0.0003703703703703703
14 14 0.0029629629629629624
15 14 0.0014814814814814812
16 14 0.00049382716049382717
27 14 0.0022222222222222218
28 14 0.0011111111111111113
29 14 0.00037037037037037035
1 15 0.0011111111111111113
2 15 0.0014814814814814812
3 15 0.0011111111111111113
14 15 0.0014814814814814812
15 15 0.0019753086419753087
16 15 0.0014814814814814816
27 15 0.0011111111111111113
28 15 0.0014814814814814814
29 15 0.0011111111111111113
1 16 0.0003703703703703703
2 16 0.0011111111111111113
3 16 0.0044444444444444427
4 16 0.0011111111111111111
5 16 0.0003703703703703703
14 16 0.00049382716049382717
15 16 0.0014814814814814816
16 16 0.0059259259259259222
17 16 0.0014814814814814805
18 16 0.00049382716049382717
27 16 0.00037037037037037035
28 16 0.0011111111111111113
29 16 0.0044444444444444436
30 16 0.0011111111111111109
31 16 0.00037037037037037035
3 17 0.0011111111111111111
4 17 0.0014814814814814812
5 17 0.0011111111111111115
16 17 0.0014814814814814805
17 17 0.0019753086419753087
18 17 0.0014814814814814818
29 17 0.0011111111111111109
30 17 0.0014814814814814814
31 17 0.0011111111111111115
3 18 0.0003703703703703703
4 18 0.0011111111111111115
5 18 0.0044444444444444453
6 18 0.0011111111111111111
7 18 0.00037037037037037024
16 18 0.00049382716049382717
17 18 0.0014814814814814818
18 18 0.0059259259259259265
19 18 0.0014814814814814805
20 18 0.00049382716049382706
29 18 0.00037037037037037035
30 18 0.0011111111111111115
31 18 0.0044444444444444462
32 18 0.0011111111111111111
33 18 0.0003703703703703703
5 19 0.0011111111111111111
6 19 0.001481481481481481
7 19 0.0011111111111111111
18 19 0.0014814814814814805
19 19 0.0019753086419753083
20 19 0.0014814814814814812
31 19 0.0011111111111111111
32 19 0.001481481481481481
33 19 0.0011111111111111111
5 20 0.00037037037037037024
6 20 0.0011111111111111111
7 20 0.0044444444444444427
8 20 0.001111111111111112
9 20 0.0003703703703703703
18 20 0.00049382716049382706
19 20 0.0014814814814814812
20 20 0.005925925925925923
21 20 0.0014814814814814816
22 20 0.00049382716049382717
31 20 0.0003703703703703703
32 20 0.0011111111111111111
33 20 0.0044444444444444436
34 20 0.0011111111111111118
35 20 0.00037037037037037035
7 21 0.001111111111111112
8 21 0.0014814814814814812
9 21 0.0011111111111111107
20 21 0.0014814814814814816
21 21 0.0019753086419753083
22 21 0.0014814814814814808
33 21 0.001111111111111112
34 21 0.0014814814814814814
35 21 0.0011111111111111107
7 22 0.0003703703703703703
8 22 0.0011111111111111107
9 22 0.0044444444444444401
10 22 0.0011111111111111107
11 22 0.0003703703703703703
20 22 0.00049382716049382717
21 22 0.0014814814814814808
22 22 0.0059259259259259196
23 22 0.0014814814814814803
24 22 0.00049382716049382717
33 22 0.00037037037037037035
34 22 0.0011111111111111107
35 22 0.0044444444444444418
36 22 0.0011111111111111109
37 22 0.00037037037037037035
9 23 0.0011111111111111107
10 23 0.0014814814814814812
11 23 0.0011111111111111118
22 23 0.0014814814814814803
23 23 0.0019753086419753083
24 23 0.0014814814814814823
35 23 0.0011111111111111109
36 23 0.0014814814814814814
37 23 0.0011111111111111118
9 24 0.0003703703703703703
10 24 0.0011111111111111118
11 24 0.0044444444444444436
12 24 0.001111111111111112
13 24 0.00037037037037037035
22 24 0.00049382716049382717
23 24 0.0014814814814814823
24 24 0.0059259259259259256
25 24 0.0014814814814814818
26 24 0.00049382716049382728
35 24 0.00037037037037037035
36 24 0.0011111111111111118
37 24 0.0044444444444444453
38 24 0.001111111111111112
39 24 0.00037037037037037041
11 25 0.0011111111111111122
12 25 0.0014814814814814816
13 25 0.0011111111111111118
24 25 0.0014814814814814818
25 25 0.0019753086419753091
26 25 0.0014814814814814821
37 25 0.001111111111111112
38 25 0.0014814814814814816
