# Created by Octave 5.2.0, Wed Nov 03 20:52:09 2021 CET <omen@omen-linux>
# name: ans
# type: sparse matrix
# nnz: 14641
# rows: 961
# columns: 961
1 1 0.00071111111111111049
2 1 0.00035555555555555546
3 1 0.00011851851851851849
32 1 0.00035555555555555546
33 1 0.00017777777777777781
34 1 5.9259259259259273e-05
63 1 0.00011851851851851849
64 1 5.925925925925928e-05
65 1 1.9753086419753104e-05
1 2 0.00035555555555555552
2 2 0.00047407407407407397
3 2 0.00035555555555555546
32 2 0.00017777777777777781
33 2 0.00023703703703703712
34 2 0.00017777777777777781
63 2 5.925925925925928e-05
64 2 7.9012345679012414e-05
65 2 5.925925925925928e-05
1 3 0.00011851851851851849
2 3 0.00035555555555555546
3 3 0.0014222222222222212
4 3 0.00035555555555555546
5 3 0.00011851851851851852
32 3 5.925925925925928e-05
33 3 0.00017777777777777781
34 3 0.00071111111111111082
35 3 0.00017777777777777781
36 3 5.925925925925928e-05
63 3 1.9753086419753104e-05
64 3 5.925925925925928e-05
65 3 0.00023703703703703699
66 3 5.925925925925928e-05
67 3 1.9753086419753107e-05
3 4 0.00035555555555555552
4 4 0.00047407407407407408
5 4 0.00035555555555555568
34 4 0.00017777777777777784
35 4 0.00023703703703703712
36 4 0.00017777777777777789
65 4 5.925925925925928e-05
66 4 7.9012345679012414e-05
67 4 5.9259259259259321e-05
3 5 0.00011851851851851852
4 5 0.00035555555555555568
5 5 0.0014222222222222216
6 5 0.00035555555555555519
7 5 0.00011851851851851845
34 5 5.925925925925928e-05
35 5 0.00017777777777777787
36 5 0.00071111111111111125
37 5 0.0001777777777777777
38 5 5.9259259259259233e-05
65 5 1.9753086419753107e-05
66 5 5.9259259259259321e-05
67 5 0.00023703703703703712
68 5 5.9259259259259233e-05
69 5 1.9753086419753093e-05
5 6 0.00035555555555555519
6 6 0.00047407407407407386
7 6 0.00035555555555555574
36 6 0.0001777777777777777
37 6 0.00023703703703703701
38 6 0.00017777777777777798
67 6 5.9259259259259233e-05
68 6 7.9012345679012387e-05
69 6 5.9259259259259328e-05
5 7 0.00011851851851851845
6 7 0.00035555555555555574
7 7 0.0014222222222222219
8 7 0.00035555555555555525
9 7 0.00011851851851851845
36 7 5.9259259259259233e-05
37 7 0.00017777777777777795
38 7 0.00071111111111111147
39 7 0.0001777777777777777
40 7 5.925925925925924e-05
67 7 1.9753086419753093e-05
68 7 5.9259259259259328e-05
69 7 0.00023703703703703712
70 7 5.9259259259259253e-05
71 7 1.9753086419753093e-05
7 8 0.00035555555555555525
8 8 0.00047407407407407386
9 8 0.00035555555555555552
38 8 0.0001777777777777777
39 8 0.00023703703703703696
40 8 0.00017777777777777784
69 8 5.9259259259259253e-05
70 8 7.9012345679012374e-05
71 8 5.9259259259259287e-05
7 9 0.00011851851851851845
8 9 0.00035555555555555552
9 9 0.0014222222222222206
10 9 0.00035555555555555552
11 9 0.00011851851851851847
38 9 5.925925925925924e-05
39 9 0.00017777777777777784
40 9 0.00071111111111111082
41 9 0.00017777777777777784
42 9 5.9259259259259253e-05
69 9 1.9753086419753093e-05
70 9 5.9259259259259287e-05
71 9 0.00023703703703703688
72 9 5.9259259259259294e-05
73 9 1.9753086419753097e-05
9 10 0.00035555555555555552
10 10 0.00047407407407407386
11 10 0.00035555555555555552
40 10 0.00017777777777777784
41 10 0.00023703703703703701
42 10 0.00017777777777777784
71 10 5.9259259259259294e-05
72 10 7.9012345679012387e-05
73 10 5.9259259259259287e-05
9 11 0.00011851851851851847
10 11 0.00035555555555555552
11 11 0.0014222222222222221
12 11 0.00035555555555555498
13 11 0.00011851851851851848
40 11 5.9259259259259253e-05
41 11 0.00017777777777777784
42 11 0.0007111111111111118
43 11 0.0001777777777777776
44 11 5.9259259259259267e-05
71 11 1.9753086419753097e-05
72 11 5.9259259259259287e-05
73 11 0.00023703703703703726
74 11 5.9259259259259179e-05
75 11 1.9753086419753097e-05
11 12 0.00035555555555555498
12 12 0.00047407407407407386
13 12 0.0003555555555555559
42 12 0.0001777777777777776
43 12 0.00023703703703703699
44 12 0.00017777777777777808
73 12 5.9259259259259179e-05
74 12 7.9012345679012387e-05
75 12 5.9259259259259361e-05
11 13 0.00011851851851851848
12 13 0.00035555555555555595
13 13 0.0014222222222222219
14 13 0.00035555555555555503
15 13 0.00011851851851851861
42 13 5.9259259259259267e-05
43 13 0.00017777777777777808
44 13 0.00071111111111111147
45 13 0.00017777777777777762
46 13 5.9259259259259314e-05
73 13 1.9753086419753097e-05
74 13 5.9259259259259361e-05
75 13 0.00023703703703703709
76 13 5.9259259259259219e-05
77 13 1.9753086419753114e-05
13 14 0.00035555555555555503
14 14 0.00047407407407407446
15 14 0.00035555555555555617
44 14 0.00017777777777777762
45 14 0.00023703703703703726
46 14 0.00017777777777777817
75 14 5.9259259259259219e-05
76 14 7.9012345679012455e-05
77 14 5.9259259259259402e-05
13 15 0.00011851851851851861
14 15 0.00035555555555555617
15 15 0.0014222222222222193
16 15 0.00035555555555555519
17 15 0.0001185185185185187
44 15 5.9259259259259314e-05
45 15 0.00017777777777777817
46 15 0.00071111111111111017
47 15 0.00017777777777777768
48 15 5.9259259259259361e-05
75 15 1.9753086419753114e-05
76 15 5.9259259259259402e-05
77 15 0.00023703703703703671
78 15 5.9259259259259233e-05
79 15 1.9753086419753127e-05
15 16 0.00035555555555555519
16 16 0.00047407407407407478
17 16 0.00035555555555555519
46 16 0.00017777777777777768
47 16 0.00023703703703703742
48 16 0.00017777777777777768
77 16 5.9259259259259233e-05
78 16 7.9012345679012496e-05
79 16 5.9259259259259246e-05
15 17 0.0001185185185185187
16 17 0.00035555555555555519
17 17 0.0014222222222222232
18 17 0.00035555555555555514
19 17 0.00011851851851851849
46 17 5.9259259259259361e-05
47 17 0.00017777777777777768
48 17 0.00071111111111111212
49 17 0.00017777777777777765
50 17 5.9259259259259246e-05
77 17 1.9753086419753127e-05
78 17 5.9259259259259246e-05
79 17 0.00023703703703703731
80 17 5.9259259259259219e-05
81 17 1.9753086419753093e-05
17 18 0.00035555555555555508
18 18 0.00047407407407407397
19 18 0.0003555555555555559
48 18 0.00017777777777777765
49 18 0.00023703703703703696
50 18 0.00017777777777777803
79 18 5.9259259259259219e-05
80 18 7.9012345679012374e-05
81 18 5.9259259259259361e-05
17 19 0.00011851851851851849
18 19 0.0003555555555555559
19 19 0.0014222222222222206
20 19 0.00035555555555555514
21 19 0.00011851851851851849
48 19 5.9259259259259246e-05
49 19 0.00017777777777777803
50 19 0.00071111111111111082
51 19 0.00017777777777777765
52 19 5.9259259259259246e-05
79 19 1.9753086419753093e-05
80 19 5.9259259259259361e-05
81 19 0.00023703703703703693
82 19 5.9259259259259219e-05
83 19 1.9753086419753093e-05
19 20 0.00035555555555555508
20 20 0.00047407407407407397
21 20 0.0003555555555555559
50 20 0.00017777777777777765
51 20 0.00023703703703703696
52 20 0.00017777777777777803
81 20 5.9259259259259219e-05
82 20 7.9012345679012374e-05
83 20 5.9259259259259361e-05
19 21 0.00011851851851851849
20 21 0.0003555555555555559
21 21 0.0014222222222222206
22 21 0.00035555555555555481
23 21 0.00011851851851851814
50 21 5.9259259259259246e-05
51 21 0.00017777777777777803
52 21 0.00071111111111111082
53 21 0.00017777777777777749
54 21 5.9259259259259084e-05
81 21 1.9753086419753093e-05
82 21 5.9259259259259361e-05
83 21 0.00023703703703703693
84 21 5.9259259259259179e-05
85 21 1.9753086419753029e-05
21 22 0.00035555555555555476
22 22 0.00047407407407407256
23 22 0.00035555555555555476
52 22 0.00017777777777777749
53 22 0.00023703703703703636
54 22 0.00017777777777777752
83 22 5.9259259259259179e-05
84 22 7.9012345679012143e-05
85 22 5.9259259259259172e-05
21 23 0.00011851851851851814
22 23 0.00035555555555555476
23 23 0.0014222222222222255
24 23 0.00035555555555555601
25 23 0.00011851851851851879
52 23 5.9259259259259084e-05
53 23 0.00017777777777777752
54 23 0.0007111111111111131
55 23 0.00017777777777777811
56 23 5.9259259259259402e-05
83 23 1.9753086419753029e-05
84 23 5.9259259259259172e-05
85 23 0.00023703703703703774
86 23 5.9259259259259361e-05
87 23 1.9753086419753141e-05
23 24 0.00035555555555555601
24 24 0.00047407407407407516
25 24 0.00035555555555555617
54 24 0.00017777777777777811
55 24 0.00023703703703703758
56 24 0.00017777777777777817
85 24 5.9259259259259361e-05
86 24 7.9012345679012563e-05
87 24 5.9259259259259402e-05
23 25 0.00011851851851851879
24 25 0.00035555555555555617
25 25 0.0014222222222222197
26 25 0.00035555555555555519
27 25 0.00011851851851851876
54 25 5.9259259259259402e-05
55 25 0.00017777777777777817
56 25 0.00071111111111111017
57 25 0.0001777777777777777
58 25 5.9259259259259382e-05
85 25 1.9753086419753141e-05
86 25 5.9259259259259402e-05
87 25 0.00023703703703703677
88 25 5.9259259259259233e-05
89 25 1.9753086419753137e-05
25 26 0.00035555555555555519
26 26 0.00047407407407407505
27 26 0.00035555555555555622
56 26 0.0001777777777777777
57 26 0.0002370370370370375
58 26 0.00017777777777777819
87 26 5.9259259259259233e-05
88 26 7.9012345679012536e-05
89 26 5.9259259259259416e-05
25 27 0.00011851851851851876
26 27 0.00035555555555555622
27 27 0.0014222222222222182
28 27 0.00035555555555555487
29 27 0.00011851851851851848
56 27 5.9259259259259382e-05
57 27 0.00017777777777777819
58 27 0.00071111111111110952
59 27 0.00017777777777777757
60 27 5.925925925925924e-05
87 27 1.9753086419753137e-05
88 27 5.9259259259259416e-05
89 27 0.00023703703703703655
90 27 5.9259259259259192e-05
91 27 1.9753086419753087e-05
27 28 0.00035555555555555487
28 28 0.00047407407407407392
29 28 0.00035555555555555611
58 28 0.00017777777777777757
59 28 0.00023703703703703699
60 28 0.00017777777777777817
89 28 5.9259259259259192e-05
90 28 7.9012345679012346e-05
91 28 5.9259259259259402e-05
27 29 0.00011851851851851848
28 29 0.00035555555555555611
29 29 0.0014222222222222206
30 29 0.00035555555555555519
31 29 0.00011851851851851876
58 29 5.925925925925924e-05
59 29 0.00017777777777777817
60 29 0.00071111111111111082
61 29 0.0001777777777777777
62 29 5.9259259259259382e-05
89 29 1.9753086419753087e-05
90 29 5.9259259259259402e-05
91 29 0.00023703703703703699
92 29 5.9259259259259233e-05
93 29 1.9753086419753137e-05
29 30 0.00035555555555555519
30 30 0.00047407407407407505
31 30 0.00035555555555555622
60 30 0.0001777777777777777
61 30 0.0002370370370370375
62 30 0.00017777777777777819
91 30 5.9259259259259233e-05
92 30 7.9012345679012536e-05
93 30 5.9259259259259416e-05
29 31 0.00011851851851851876
30 31 0.00035555555555555622
31 31 0.00071111111111110811
60 31 5.9259259259259382e-05
61 31 0.00017777777777777819
62 31 0.00035555555555555422
91 31 1.9753086419753137e-05
92 31 5.9259259259259416e-05
93 31 0.0001185185185185181
1 32 0.00035555555555555546
2 32 0.00017777777777777781
3 32 5.9259259259259273e-05
32 32 0.00047407407407407397
33 32 0.00023703703703703712
34 32 7.9012345679012414e-05
63 32 0.00035555555555555546
64 32 0.00017777777777777784
65 32 5.9259259259259287e-05
1 33 0.00017777777777777781
2 33 0.00023703703703703709
3 33 0.00017777777777777781
32 33 0.00023703703703703712
33 33 0.00031604938271604966
34 33 0.00023703703703703709
63 33 0.00017777777777777784
64 33 0.00023703703703703715
65 33 0.00017777777777777781
1 34 5.9259259259259273e-05
2 34 0.00017777777777777781
3 34 0.00071111111111111093
4 34 0.00017777777777777779
5 34 5.925925925925928e-05
32 34 7.9012345679012414e-05
33 34 0.00023703703703703712
34 34 0.00094814814814814794
35 34 0.00023703703703703709
36 34 7.9012345679012428e-05
63 34 5.9259259259259287e-05
64 34 0.00017777777777777784
65 34 0.00071111111111111104
66 34 0.00017777777777777784
67 34 5.92592592592593e-05
3 35 0.00017777777777777784
4 35 0.00023703703703703712
5 35 0.00017777777777777792
34 35 0.00023703703703703707
35 35 0.00031604938271604966
36 35 0.00023703703703703726
65 35 0.00017777777777777784
66 35 0.00023703703703703715
67 35 0.00017777777777777787
3 36 5.925925925925928e-05
4 36 0.00017777777777777789
5 36 0.00071111111111111136
6 36 0.0001777777777777777
7 36 5.9259259259259246e-05
34 36 7.9012345679012428e-05
35 36 0.00023703703703703728
36 36 0.00094814814814814848
37 36 0.00023703703703703696
38 36 7.9012345679012374e-05
65 36 5.92592592592593e-05
66 36 0.00017777777777777789
67 36 0.00071111111111111136
68 36 0.0001777777777777777
69 36 5.925925925925926e-05
5 37 0.00017777777777777768
6 37 0.00023703703703703701
7 37 0.00017777777777777795
36 37 0.00023703703703703696
37 37 0.00031604938271604955
38 37 0.00023703703703703726
67 37 0.0001777777777777777
68 37 0.00023703703703703707
69 37 0.00017777777777777792
5 38 5.9259259259259233e-05
6 38 0.00017777777777777795
7 38 0.00071111111111111125
8 38 0.0001777777777777777
9 38 5.925925925925924e-05
36 38 7.9012345679012374e-05
37 38 0.00023703703703703731
38 38 0.00094814814814814848
39 38 0.00023703703703703701
40 38 7.901234567901236e-05
67 38 5.925925925925926e-05
68 38 0.00017777777777777792
69 38 0.00071111111111111158
70 38 0.00017777777777777773
71 38 5.9259259259259253e-05
7 39 0.00017777777777777773
8 39 0.00023703703703703699
9 39 0.00017777777777777784
38 39 0.00023703703703703701
39 39 0.00031604938271604944
40 39 0.00023703703703703715
69 39 0.00017777777777777773
70 39 0.00023703703703703701
71 39 0.00017777777777777781
7 40 5.925925925925924e-05
8 40 0.00017777777777777787
9 40 0.00071111111111111082
10 40 0.00017777777777777787
11 40 5.9259259259259253e-05
38 40 7.901234567901236e-05
39 40 0.00023703703703703715
40 40 0.00094814814814814751
41 40 0.00023703703703703717
42 40 7.9012345679012374e-05
69 40 5.9259259259259253e-05
70 40 0.00017777777777777781
71 40 0.00071111111111111082
72 40 0.00017777777777777784
73 40 5.9259259259259253e-05
9 41 0.00017777777777777787
10 41 0.00023703703703703701
11 41 0.00017777777777777784
40 41 0.00023703703703703717
41 41 0.00031604938271604955
42 41 0.00023703703703703715
71 41 0.00017777777777777784
72 41 0.00023703703703703701
73 41 0.00017777777777777781
9 42 5.9259259259259253e-05
10 42 0.00017777777777777787
11 42 0.0007111111111111118
12 42 0.0001777777777777776
13 42 5.9259259259259267e-05
40 42 7.9012345679012374e-05
41 42 0.00023703703703703715
42 42 0.00094814814814814902
43 42 0.00023703703703703674
44 42 7.9012345679012387e-05
71 42 5.9259259259259253e-05
72 42 0.00017777777777777781
73 42 0.0007111111111111118
74 42 0.00017777777777777762
75 42 5.9259259259259267e-05
11 43 0.0001777777777777776
12 43 0.00023703703703703699
13 43 0.00017777777777777808
42 43 0.00023703703703703674
43 43 0.00031604938271604955
44 43 0.00023703703703703745
73 43 0.00017777777777777762
74 43 0.00023703703703703707
75 43 0.00017777777777777803
11 44 5.9259259259259267e-05
12 44 0.00017777777777777808
13 44 0.00071111111111111147
14 44 0.00017777777777777762
15 44 5.9259259259259314e-05
42 44 7.9012345679012387e-05
43 44 0.00023703703703703745
44 44 0.00094814814814814859
45 44 0.00023703703703703685
46 44 7.9012345679012441e-05
73 44 5.9259259259259267e-05
74 44 0.00017777777777777803
75 44 0.00071111111111111136
76 44 0.00017777777777777762
77 44 5.9259259259259328e-05
13 45 0.00017777777777777762
14 45 0.00023703703703703726
15 45 0.00017777777777777819
44 45 0.00023703703703703685
45 45 0.00031604938271604977
46 45 0.00023703703703703761
75 45 0.00017777777777777762
76 45 0.00023703703703703726
77 45 0.00017777777777777819
13 46 5.9259259259259314e-05
14 46 0.00017777777777777817
15 46 0.00071111111111111017
16 46 0.00017777777777777768
17 46 5.9259259259259361e-05
44 46 7.9012345679012441e-05
45 46 0.00023703703703703761
46 46 0.00094814814814814686
47 46 0.00023703703703703693
48 46 7.9012345679012509e-05
75 46 5.9259259259259328e-05
76 46 0.00017777777777777819
77 46 0.00071111111111111028
78 46 0.00017777777777777768
79 46 5.9259259259259375e-05
15 47 0.00017777777777777768
16 47 0.00023703703703703742
17 47 0.00017777777777777768
46 47 0.00023703703703703693
47 47 0.00031604938271604998
48 47 0.00023703703703703693
77 47 0.00017777777777777768
78 47 0.00023703703703703742
79 47 0.0001777777777777777
15 48 5.9259259259259361e-05
16 48 0.00017777777777777768
17 48 0.00071111111111111212
18 48 0.00017777777777777765
19 48 5.9259259259259246e-05
46 48 7.9012345679012509e-05
47 48 0.00023703703703703693
48 48 0.00094814814814814924
49 48 0.00023703703703703688
50 48 7.9012345679012374e-05
77 48 5.9259259259259375e-05
78 48 0.0001777777777777777
79 48 0.00071111111111111201
80 48 0.00017777777777777765
81 48 5.9259259259259246e-05
17 49 0.00017777777777777765
18 49 0.00023703703703703696
19 49 0.00017777777777777803
48 49 0.00023703703703703688
49 49 0.00031604938271604949
50 49 0.00023703703703703739
79 49 0.00017777777777777765
80 49 0.00023703703703703696
81 49 0.00017777777777777806
17 50 5.9259259259259246e-05
18 50 0.00017777777777777803
19 50 0.00071111111111111082
20 50 0.00017777777777777765
21 50 5.9259259259259246e-05
48 50 7.9012345679012374e-05
49 50 0.00023703703703703739
50 50 0.00094814814814814762
51 50 0.00023703703703703688
52 50 7.9012345679012374e-05
79 50 5.9259259259259246e-05
80 50 0.00017777777777777806
81 50 0.00071111111111111093
82 50 0.00017777777777777765
83 50 5.9259259259259246e-05
19 51 0.00017777777777777765
20 51 0.00023703703703703696
21 51 0.00017777777777777803
50 51 0.00023703703703703688
51 51 0.00031604938271604949
52 51 0.00023703703703703739
81 51 0.00017777777777777765
82 51 0.00023703703703703696
83 51 0.00017777777777777806
19 52 5.9259259259259246e-05
20 52 0.00017777777777777803
21 52 0.00071111111111111082
22 52 0.00017777777777777749
23 52 5.9259259259259084e-05
50 52 7.9012345679012374e-05
51 52 0.00023703703703703739
52 52 0.00094814814814814762
53 52 0.00023703703703703669
54 52 7.9012345679012116e-05
81 52 5.9259259259259246e-05
82 52 0.00017777777777777806
83 52 0.00071111111111111093
84 52 0.00017777777777777749
85 52 5.9259259259259084e-05
21 53 0.00017777777777777749
22 53 0.00023703703703703636
23 53 0.00017777777777777752
52 53 0.00023703703703703669
53 53 0.00031604938271604857
54 53 0.00023703703703703669
83 53 0.00017777777777777749
84 53 0.00023703703703703636
85 53 0.00017777777777777749
21 54 5.9259259259259084e-05
22 54 0.00017777777777777752
23 54 0.00071111111111111321
24 54 0.00017777777777777811
25 54 5.9259259259259402e-05
52 54 7.9012345679012116e-05
53 54 0.00023703703703703669
54 54 0.00094814814814815098
55 54 0.00023703703703703745
56 54 7.9012345679012563e-05
83 54 5.9259259259259084e-05
84 54 0.00017777777777777749
85 54 0.00071111111111111321
86 54 0.00017777777777777811
87 54 5.9259259259259409e-05
23 55 0.00017777777777777811
24 55 0.00023703703703703758
25 55 0.00017777777777777819
54 55 0.00023703703703703745
55 55 0.00031604938271605025
56 55 0.00023703703703703761
85 55 0.00017777777777777811
86 55 0.00023703703703703758
87 55 0.00017777777777777822
23 56 5.9259259259259402e-05
24 56 0.00017777777777777819
25 56 0.00071111111111111039
26 56 0.0001777777777777777
27 56 5.9259259259259382e-05
54 56 7.9012345679012563e-05
55 56 0.00023703703703703761
56 56 0.00094814814814814707
57 56 0.00023703703703703693
58 56 7.901234567901255e-05
85 56 5.9259259259259409e-05
86 56 0.00017777777777777822
87 56 0.00071111111111111039
88 56 0.0001777777777777777
89 56 5.9259259259259395e-05
25 57 0.0001777777777777777
26 57 0.0002370370370370375
27 57 0.00017777777777777819
56 57 0.00023703703703703693
57 57 0.00031604938271605014
58 57 0.00023703703703703761
87 57 0.0001777777777777777
88 57 0.0002370370370370375
89 57 0.00017777777777777822
25 58 5.9259259259259382e-05
26 58 0.00017777777777777819
27 58 0.00071111111111110974
28 58 0.00017777777777777757
29 58 5.925925925925924e-05
56 58 7.901234567901255e-05
57 58 0.00023703703703703761
58 58 0.00094814814814814621
59 58 0.00023703703703703674
60 58 7.9012345679012346e-05
87 58 5.9259259259259395e-05
88 58 0.00017777777777777822
89 58 0.00071111111111110963
90 58 0.00017777777777777757
91 58 5.9259259259259253e-05
27 59 0.00017777777777777757
28 59 0.00023703703703703699
29 59 0.00017777777777777817
58 59 0.00023703703703703674
59 59 0.00031604938271604939
60 59 0.00023703703703703761
89 59 0.00017777777777777757
90 59 0.00023703703703703699
91 59 0.00017777777777777817
27 60 5.925925925925924e-05
28 60 0.00017777777777777817
29 60 0.00071111111111111082
30 60 0.0001777777777777777
31 60 5.9259259259259382e-05
58 60 7.9012345679012346e-05
59 60 0.00023703703703703761
60 60 0.00094814814814814772
61 60 0.00023703703703703693
62 60 7.901234567901255e-05
89 60 5.9259259259259253e-05
90 60 0.00017777777777777817
91 60 0.00071111111111111093
92 60 0.0001777777777777777
93 60 5.9259259259259395e-05
29 61 0.0001777777777777777
30 61 0.0002370370370370375
31 61 0.00017777777777777819
60 61 0.00023703703703703693
61 61 0.00031604938271605014
62 61 0.00023703703703703761
91 61 0.0001777777777777777
92 61 0.0002370370370370375
93 61 0.00017777777777777822
29 62 5.9259259259259382e-05
30 62 0.00017777777777777819
31 62 0.00035555555555555427
60 62 7.901234567901255e-05
61 62 0.00023703703703703761
62 62 0.0004740740740740724
91 62 5.9259259259259395e-05
92 62 0.00017777777777777822
93 62 0.00035555555555555422
1 63 0.00011851851851851849
2 63 5.925925925925928e-05
3 63 1.9753086419753104e-05
32 63 0.00035555555555555546
33 63 0.00017777777777777784
34 63 5.9259259259259287e-05
63 63 0.001422222222222221
64 63 0.00071111111111111082
65 63 0.00023703703703703696
94 63 0.00035555555555555536
95 63 0.00017777777777777784
96 63 5.9259259259259287e-05
125 63 0.00011851851851851852
126 63 5.9259259259259287e-05
127 63 1.9753086419753107e-05
1 64 5.925925925925928e-05
2 64 7.9012345679012414e-05
3 64 5.925925925925928e-05
32 64 0.00017777777777777784
33 64 0.00023703703703703715
34 64 0.00017777777777777784
63 64 0.00071111111111111082
64 64 0.00094814814814814783
65 64 0.00071111111111111115
94 64 0.00017777777777777784
95 64 0.00023703703703703712
96 64 0.00017777777777777784
125 64 5.925925925925928e-05
126 64 7.9012345679012428e-05
127 64 5.9259259259259294e-05
1 65 1.9753086419753104e-05
2 65 5.9259259259259273e-05
3 65 0.00023703703703703699
4 65 5.9259259259259267e-05
5 65 1.9753086419753107e-05
32 65 5.9259259259259287e-05
33 65 0.00017777777777777781
34 65 0.00071111111111111093
35 65 0.00017777777777777784
36 65 5.92592592592593e-05
63 65 0.00023703703703703696
64 65 0.00071111111111111104
65 65 0.0028444444444444454
66 65 0.00071111111111111082
67 65 0.00023703703703703701
94 65 5.9259259259259287e-05
95 65 0.00017777777777777784
96 65 0.00071111111111111082
97 65 0.00017777777777777781
98 65 5.9259259259259287e-05
125 65 1.9753086419753104e-05
126 65 5.9259259259259294e-05
127 65 0.00023703703703703699
128 65 5.9259259259259294e-05
129 65 1.9753086419753107e-05
3 66 5.925925925925928e-05
4 66 7.9012345679012414e-05
5 66 5.9259259259259321e-05
34 66 0.00017777777777777784
35 66 0.0002370370370370372
36 66 0.00017777777777777789
65 66 0.00071111111111111082
66 66 0.00094814814814814805
67 66 0.00071111111111111136
96 66 0.00017777777777777781
97 66 0.00023703703703703712
98 66 0.00017777777777777792
127 66 5.9259259259259294e-05
128 66 7.9012345679012428e-05
129 66 5.9259259259259321e-05
3 67 1.9753086419753107e-05
4 67 5.9259259259259314e-05
5 67 0.00023703703703703709
6 67 5.9259259259259233e-05
7 67 1.9753086419753093e-05
34 67 5.92592592592593e-05
35 67 0.00017777777777777787
36 67 0.00071111111111111136
37 67 0.0001777777777777777
38 67 5.9259259259259246e-05
65 67 0.00023703703703703701
66 67 0.00071111111111111125
67 67 0.0028444444444444459
68 67 0.00071111111111111039
69 67 0.00023703703703703682
96 67 5.9259259259259287e-05
97 67 0.00017777777777777792
98 67 0.00071111111111111125
99 67 0.00017777777777777773
100 67 5.9259259259259246e-05
127 67 1.9753086419753107e-05
128 67 5.9259259259259321e-05
129 67 0.00023703703703703715
130 67 5.925925925925924e-05
131 67 1.9753086419753097e-05
5 68 5.9259259259259233e-05
6 68 7.9012345679012387e-05
7 68 5.9259259259259314e-05
36 68 0.0001777777777777777
37 68 0.00023703703703703707
38 68 0.00017777777777777795
67 68 0.00071111111111111039
68 68 0.00094814814814814762
69 68 0.00071111111111111147
98 68 0.00017777777777777773
99 68 0.00023703703703703699
100 68 0.00017777777777777795
129 68 5.925925925925924e-05
130 68 7.9012345679012387e-05
131 68 5.9259259259259328e-05
5 69 1.9753086419753093e-05
6 69 5.9259259259259314e-05
7 69 0.00023703703703703712
8 69 5.9259259259259253e-05
9 69 1.9753086419753093e-05
36 69 5.9259259259259246e-05
37 69 0.00017777777777777792
38 69 0.00071111111111111147
39 69 0.00017777777777777773
40 69 5.9259259259259253e-05
67 69 0.00023703703703703682
68 69 0.00071111111111111147
69 69 0.0028444444444444459
70 69 0.00071111111111111049
71 69 0.00023703703703703685
98 69 5.9259259259259246e-05
99 69 0.00017777777777777798
100 69 0.00071111111111111158
101 69 0.00017777777777777773
102 69 5.925925925925924e-05
129 69 1.9753086419753097e-05
130 69 5.9259259259259328e-05
131 69 0.00023703703703703712
132 69 5.925925925925926e-05
133 69 1.9753086419753093e-05
7 70 5.9259259259259253e-05
8 70 7.9012345679012374e-05
9 70 5.9259259259259287e-05
38 70 0.00017777777777777773
39 70 0.00023703703703703701
40 70 0.00017777777777777781
69 70 0.00071111111111111049
70 70 0.00094814814814814751
71 70 0.00071111111111111093
100 70 0.00017777777777777773
101 70 0.00023703703703703699
102 70 0.00017777777777777781
131 70 5.925925925925926e-05
132 70 7.9012345679012374e-05
133 70 5.9259259259259287e-05
7 71 1.9753086419753093e-05
8 71 5.9259259259259287e-05
9 71 0.00023703703703703688
10 71 5.9259259259259294e-05
11 71 1.9753086419753097e-05
38 71 5.9259259259259253e-05
39 71 0.00017777777777777781
40 71 0.00071111111111111093
41 71 0.00017777777777777784
42 71 5.9259259259259253e-05
69 71 0.00023703703703703685
70 71 0.00071111111111111093
71 71 0.0028444444444444441
72 71 0.00071111111111111104
73 71 0.0002370370370370369
100 71 5.925925925925924e-05
101 71 0.00017777777777777787
102 71 0.00071111111111111071
103 71 0.00017777777777777784
104 71 5.9259259259259246e-05
131 71 1.9753086419753093e-05
132 71 5.9259259259259287e-05
133 71 0.00023703703703703688
134 71 5.9259259259259307e-05
135 71 1.9753086419753097e-05
9 72 5.9259259259259294e-05
10 72 7.9012345679012387e-05
11 72 5.9259259259259287e-05
40 72 0.00017777777777777784
41 72 0.00023703703703703707
42 72 0.00017777777777777781
71 72 0.00071111111111111104
72 72 0.00094814814814814772
73 72 0.00071111111111111093
102 72 0.00017777777777777784
103 72 0.00023703703703703699
104 72 0.00017777777777777781
133 72 5.92592592592593e-05
134 72 7.9012345679012387e-05
135 72 5.9259259259259287e-05
9 73 1.9753086419753097e-05
10 73 5.9259259259259287e-05
11 73 0.00023703703703703726
12 73 5.9259259259259179e-05
13 73 1.9753086419753097e-05
40 73 5.9259259259259253e-05
41 73 0.00017777777777777781
42 73 0.0007111111111111118
43 73 0.00017777777777777762
44 73 5.9259259259259267e-05
71 73 0.0002370370370370369
72 73 0.00071111111111111093
73 73 0.0028444444444444489
74 73 0.00071111111111111006
75 73 0.00023703703703703693
102 73 5.9259259259259246e-05
103 73 0.00017777777777777787
104 73 0.00071111111111111169
105 73 0.00017777777777777762
106 73 5.9259259259259253e-05
133 73 1.9753086419753097e-05
134 73 5.9259259259259287e-05
135 73 0.00023703703703703728
136 73 5.9259259259259192e-05
137 73 1.9753086419753097e-05
11 74 5.9259259259259179e-05
12 74 7.9012345679012387e-05
13 74 5.9259259259259361e-05
42 74 0.00017777777777777762
43 74 0.00023703703703703707
44 74 0.00017777777777777803
73 74 0.00071111111111110995
74 74 0.00094814814814814751
75 74 0.00071111111111111169
104 74 0.0001777777777777776
105 74 0.00023703703703703699
106 74 0.00017777777777777803
135 74 5.9259259259259192e-05
136 74 7.9012345679012374e-05
137 74 5.9259259259259361e-05
11 75 1.9753086419753097e-05
12 75 5.9259259259259361e-05
13 75 0.00023703703703703709
14 75 5.9259259259259219e-05
15 75 1.9753086419753114e-05
42 75 5.9259259259259267e-05
43 75 0.00017777777777777803
44 75 0.00071111111111111136
45 75 0.00017777777777777762
46 75 5.9259259259259328e-05
73 75 0.00023703703703703693
74 75 0.0007111111111111118
75 75 0.0028444444444444476
76 75 0.00071111111111111017
77 75 0.0002370370370370372
104 75 5.9259259259259253e-05
105 75 0.00017777777777777803
106 75 0.00071111111111111136
107 75 0.00017777777777777762
108 75 5.9259259259259307e-05
135 75 1.9753086419753097e-05
136 75 5.9259259259259361e-05
137 75 0.00023703703703703717
138 75 5.9259259259259233e-05
139 75 1.9753086419753117e-05
13 76 5.9259259259259219e-05
14 76 7.9012345679012455e-05
15 76 5.9259259259259402e-05
44 76 0.00017777777777777762
45 76 0.00023703703703703726
46 76 0.00017777777777777817
75 76 0.00071111111111111017
76 76 0.00094814814814814892
77 76 0.00071111111111111245
106 76 0.00017777777777777762
107 76 0.00023703703703703723
108 76 0.00017777777777777819
137 76 5.9259259259259233e-05
138 76 7.9012345679012455e-05
139 76 5.9259259259259402e-05
13 77 1.9753086419753114e-05
14 77 5.9259259259259402e-05
15 77 0.00023703703703703671
16 77 5.925925925925924e-05
17 77 1.9753086419753127e-05
44 77 5.9259259259259328e-05
45 77 0.00017777777777777817
46 77 0.00071111111111111028
47 77 0.00017777777777777768
48 77 5.9259259259259375e-05
75 77 0.0002370370370370372
76 77 0.00071111111111111245
77 77 0.0028444444444444428
78 77 0.00071111111111111028
79 77 0.00023703703703703739
106 77 5.9259259259259307e-05
107 77 0.00017777777777777819
108 77 0.00071111111111111028
109 77 0.00017777777777777768
110 77 5.9259259259259348e-05
137 77 1.9753086419753117e-05
138 77 5.9259259259259402e-05
139 77 0.00023703703703703677
140 77 5.925925925925926e-05
141 77 1.9753086419753134e-05
15 78 5.925925925925924e-05
16 78 7.9012345679012482e-05
17 78 5.9259259259259246e-05
46 78 0.00017777777777777768
47 78 0.00023703703703703742
48 78 0.00017777777777777768
77 78 0.00071111111111111028
78 78 0.00094814814814814957
79 78 0.00071111111111111049
108 78 0.00017777777777777768
109 78 0.00023703703703703739
110 78 0.0001777777777777777
139 78 5.925925925925926e-05
140 78 7.9012345679012496e-05
141 78 5.9259259259259246e-05
15 79 1.9753086419753127e-05
16 79 5.9259259259259246e-05
17 79 0.00023703703703703731
18 79 5.9259259259259219e-05
19 79 1.9753086419753093e-05
46 79 5.9259259259259375e-05
47 79 0.00017777777777777768
48 79 0.00071111111111111201
49 79 0.00017777777777777765
50 79 5.9259259259259246e-05
77 79 0.00023703703703703739
78 79 0.00071111111111111049
79 79 0.0028444444444444511
80 79 0.00071111111111111017
81 79 0.00023703703703703699
108 79 5.9259259259259348e-05
109 79 0.0001777777777777777
110 79 0.00071111111111111201
111 79 0.00017777777777777765
112 79 5.9259259259259233e-05
139 79 1.9753086419753134e-05
140 79 5.9259259259259246e-05
141 79 0.00023703703703703734
142 79 5.9259259259259233e-05
143 79 1.9753086419753097e-05
17 80 5.9259259259259219e-05
18 80 7.901234567901236e-05
19 80 5.9259259259259361e-05
48 80 0.00017777777777777765
49 80 0.00023703703703703696
50 80 0.00017777777777777806
79 80 0.00071111111111111006
80 80 0.00094814814814814794
81 80 0.00071111111111111201
110 80 0.00017777777777777765
111 80 0.00023703703703703693
112 80 0.00017777777777777806
141 80 5.9259259259259233e-05
142 80 7.9012345679012374e-05
143 80 5.9259259259259368e-05
17 81 1.9753086419753093e-05
18 81 5.9259259259259361e-05
19 81 0.0002370370370370369
20 81 5.9259259259259219e-05
21 81 1.9753086419753093e-05
48 81 5.9259259259259246e-05
49 81 0.00017777777777777806
50 81 0.00071111111111111093
51 81 0.00017777777777777765
52 81 5.9259259259259246e-05
79 81 0.00023703703703703699
80 81 0.00071111111111111201
81 81 0.0028444444444444454
82 81 0.00071111111111111017
83 81 0.00023703703703703699
110 81 5.9259259259259233e-05
111 81 0.00017777777777777806
112 81 0.00071111111111111093
113 81 0.00017777777777777765
114 81 5.9259259259259233e-05
141 81 1.9753086419753097e-05
142 81 5.9259259259259361e-05
143 81 0.00023703703703703696
144 81 5.9259259259259233e-05
145 81 1.9753086419753097e-05
19 82 5.9259259259259219e-05
20 82 7.901234567901236e-05
21 82 5.9259259259259361e-05
50 82 0.00017777777777777765
51 82 0.00023703703703703696
52 82 0.00017777777777777806
81 82 0.00071111111111111006
82 82 0.00094814814814814794
83 82 0.00071111111111111201
112 82 0.00017777777777777765
113 82 0.00023703703703703693
114 82 0.00017777777777777806
143 82 5.9259259259259233e-05
144 82 7.9012345679012374e-05
145 82 5.9259259259259368e-05
19 83 1.9753086419753093e-05
20 83 5.9259259259259361e-05
21 83 0.0002370370370370369
22 83 5.9259259259259172e-05
23 83 1.9753086419753029e-05
50 83 5.9259259259259246e-05
51 83 0.00017777777777777806
52 83 0.00071111111111111093
53 83 0.00017777777777777749
54 83 5.9259259259259084e-05
81 83 0.00023703703703703699
82 83 0.00071111111111111201
83 83 0.0028444444444444454
84 83 0.00071111111111110952
85 83 0.00023703703703703631
112 83 5.9259259259259233e-05
113 83 0.00017777777777777806
114 83 0.00071111111111111093
115 83 0.00017777777777777749
116 83 5.9259259259259077e-05
143 83 1.9753086419753097e-05
144 83 5.9259259259259361e-05
145 83 0.00023703703703703696
146 83 5.9259259259259185e-05
147 83 1.9753086419753039e-05
21 84 5.9259259259259172e-05
22 84 7.9012345679012143e-05
23 84 5.9259259259259172e-05
52 84 0.00017777777777777749
53 84 0.00023703703703703636
54 84 0.00017777777777777746
83 84 0.00071111111111110941
84 84 0.00094814814814814512
85 84 0.00071111111111110963
114 84 0.00017777777777777749
115 84 0.00023703703703703631
116 84 0.00017777777777777749
145 84 5.9259259259259185e-05
146 84 7.901234567901213e-05
147 84 5.9259259259259172e-05
21 85 1.9753086419753029e-05
22 85 5.9259259259259172e-05
23 85 0.00023703703703703774
24 85 5.9259259259259361e-05
25 85 1.9753086419753141e-05
52 85 5.9259259259259084e-05
53 85 0.00017777777777777749
54 85 0.00071111111111111321
55 85 0.00017777777777777811
56 85 5.9259259259259409e-05
83 85 0.00023703703703703631
84 85 0.00071111111111110963
85 85 0.002844444444444455
86 85 0.00071111111111111212
87 85 0.00023703703703703758
114 85 5.9259259259259077e-05
115 85 0.00017777777777777749
116 85 0.0007111111111111131
117 85 0.00017777777777777808
118 85 5.9259259259259402e-05
145 85 1.9753086419753039e-05
146 85 5.9259259259259172e-05
147 85 0.00023703703703703777
148 85 5.9259259259259368e-05
149 85 1.9753086419753144e-05
23 86 5.9259259259259361e-05
24 86 7.9012345679012563e-05
25 86 5.9259259259259402e-05
54 86 0.00017777777777777811
55 86 0.00023703703703703761
56 86 0.00017777777777777819
85 86 0.00071111111111111223
86 86 0.00094814814814815022
87 86 0.00071111111111111255
116 86 0.00017777777777777808
117 86 0.00023703703703703755
118 86 0.00017777777777777819
147 86 5.9259259259259361e-05
148 86 7.9012345679012563e-05
149 86 5.9259259259259402e-05
23 87 1.9753086419753141e-05
24 87 5.9259259259259402e-05
25 87 0.00023703703703703674
26 87 5.925925925925924e-05
27 87 1.9753086419753137e-05
54 87 5.9259259259259409e-05
55 87 0.00017777777777777819
56 87 0.00071111111111111039
57 87 0.0001777777777777777
58 87 5.9259259259259395e-05
85 87 0.00023703703703703758
86 87 0.00071111111111111245
87 87 0.0028444444444444428
88 87 0.00071111111111111039
89 87 0.0002370370370370375
116 87 5.9259259259259402e-05
117 87 0.00017777777777777819
118 87 0.00071111111111111028
119 87 0.0001777777777777777
120 87 5.9259259259259368e-05
147 87 1.9753086419753144e-05
148 87 5.9259259259259409e-05
149 87 0.00023703703703703682
150 87 5.925925925925926e-05
151 87 1.9753086419753144e-05
25 88 5.925925925925924e-05
26 88 7.9012345679012523e-05
27 88 5.9259259259259416e-05
56 88 0.0001777777777777777
57 88 0.0002370370370370375
58 88 0.00017777777777777819
87 88 0.00071111111111111039
88 88 0.00094814814814815
89 88 0.00071111111111111266
118 88 0.0001777777777777777
119 88 0.00023703703703703747
120 88 0.00017777777777777822
149 88 5.925925925925926e-05
150 88 7.9012345679012536e-05
151 88 5.9259259259259422e-05
25 89 1.9753086419753137e-05
26 89 5.9259259259259416e-05
27 89 0.00023703703703703652
28 89 5.9259259259259192e-05
29 89 1.9753086419753087e-05
56 89 5.9259259259259395e-05
57 89 0.00017777777777777819
58 89 0.00071111111111110963
59 89 0.00017777777777777757
60 89 5.9259259259259253e-05
87 89 0.0002370370370370375
88 89 0.00071111111111111266
89 89 0.0028444444444444407
90 89 0.00071111111111110984
91 89 0.00023703703703703696
118 89 5.9259259259259368e-05
119 89 0.00017777777777777822
120 89 0.00071111111111110963
121 89 0.00017777777777777757
122 89 5.9259259259259233e-05
149 89 1.9753086419753144e-05
150 89 5.9259259259259416e-05
151 89 0.00023703703703703658
152 89 5.9259259259259206e-05
153 89 1.9753086419753097e-05
27 90 5.9259259259259192e-05
28 90 7.9012345679012346e-05
29 90 5.9259259259259402e-05
58 90 0.00017777777777777757
59 90 0.00023703703703703699
60 90 0.00017777777777777814
89 90 0.00071111111111110984
90 90 0.00094814814814814783
91 90 0.00071111111111111234
120 90 0.00017777777777777757
121 90 0.00023703703703703693
122 90 0.00017777777777777814
151 90 5.9259259259259206e-05
152 90 7.901234567901236e-05
153 90 5.9259259259259402e-05
27 91 1.9753086419753087e-05
28 91 5.9259259259259402e-05
29 91 0.00023703703703703696
30 91 5.925925925925924e-05
31 91 1.9753086419753137e-05
58 91 5.9259259259259253e-05
59 91 0.00017777777777777817
60 91 0.00071111111111111093
61 91 0.0001777777777777777
62 91 5.9259259259259395e-05
89 91 0.00023703703703703696
90 91 0.00071111111111111245
91 91 0.0028444444444444459
92 91 0.00071111111111111039
93 91 0.0002370370370370375
120 91 5.9259259259259233e-05
121 91 0.00017777777777777814
122 91 0.00071111111111111093
123 91 0.0001777777777777777
124 91 5.9259259259259368e-05
151 91 1.9753086419753097e-05
152 91 5.9259259259259402e-05
153 91 0.00023703703703703704
154 91 5.925925925925926e-05
155 91 1.9753086419753144e-05
29 92 5.925925925925924e-05
30 92 7.9012345679012523e-05
31 92 5.9259259259259416e-05
60 92 0.0001777777777777777
61 92 0.0002370370370370375
62 92 0.00017777777777777819
91 92 0.00071111111111111039
92 92 0.00094814814814815
93 92 0.00071111111111111266
122 92 0.0001777777777777777
123 92 0.00023703703703703747
124 92 0.00017777777777777822
153 92 5.925925925925926e-05
154 92 7.9012345679012536e-05
155 92 5.9259259259259422e-05
29 93 1.9753086419753137e-05
30 93 5.9259259259259416e-05
31 93 0.0001185185185185181
60 93 5.9259259259259395e-05
61 93 0.00017777777777777819
62 93 0.00035555555555555422
91 93 0.0002370370370370375
92 93 0.00071111111111111266
93 93 0.001422222222222216
122 93 5.9259259259259368e-05
123 93 0.00017777777777777822
124 93 0.00035555555555555416
153 93 1.9753086419753144e-05
154 93 5.9259259259259416e-05
155 93 0.00011851851851851811
63 94 0.00035555555555555541
64 94 0.00017777777777777784
65 94 5.9259259259259287e-05
94 94 0.00047407407407407402
95 94 0.00023703703703703712
96 94 7.9012345679012414e-05
125 94 0.00035555555555555563
126 94 0.00017777777777777792
127 94 5.9259259259259321e-05
63 95 0.00017777777777777784
64 95 0.00023703703703703709
65 95 0.00017777777777777784
94 95 0.00023703703703703712
95 95 0.00031604938271604966
96 95 0.00023703703703703715
125 95 0.00017777777777777792
126 95 0.00023703703703703728
127 95 0.00017777777777777789
63 96 5.9259259259259287e-05
64 96 0.00017777777777777784
65 96 0.00071111111111111093
66 96 0.00017777777777777781
67 96 5.9259259259259287e-05
94 96 7.9012345679012414e-05
95 96 0.00023703703703703717
96 96 0.00094814814814814794
97 96 0.00023703703703703712
98 96 7.9012345679012428e-05
125 96 5.9259259259259321e-05
126 96 0.00017777777777777792
127 96 0.00071111111111111136
128 96 0.00017777777777777795
129 96 5.9259259259259334e-05
65 97 0.00017777777777777781
66 97 0.00023703703703703709
67 97 0.00017777777777777792
96 97 0.00023703703703703709
97 97 0.00031604938271604966
98 97 0.00023703703703703726
127 97 0.00017777777777777795
128 97 0.00023703703703703728
129 97 0.000177777777777778
65 98 5.9259259259259287e-05
66 98 0.00017777777777777789
67 98 0.00071111111111111136
68 98 0.0001777777777777777
69 98 5.9259259259259246e-05
96 98 7.9012345679012428e-05
