# Created by Octave 5.2.0, Tue Oct 26 18:01:15 2021 CEST <omen@omen-linux>
# name: ans
# type: sparse matrix
# nnz: 9409
# rows: 625
# columns: 625
1 1 0.00111111111111111
2 1 0.00055555555555555556
3 1 0.00018518518518518515
26 1 0.00055555555555555545
27 1 0.00027777777777777783
28 1 9.2592592592592588e-05
51 1 0.00018518518518518515
52 1 9.2592592592592574e-05
53 1 3.0864197530864198e-05
1 2 0.00055555555555555556
2 2 0.0007407407407407406
3 2 0.00055555555555555534
26 2 0.00027777777777777783
27 2 0.00037037037037037035
28 2 0.00027777777777777783
51 2 9.2592592592592561e-05
52 2 0.00012345679012345679
53 2 9.2592592592592602e-05
1 3 0.00018518518518518515
2 3 0.00055555555555555534
3 3 0.0022222222222222214
4 3 0.00055555555555555534
5 3 0.00018518518518518515
26 3 9.2592592592592588e-05
27 3 0.00027777777777777783
28 3 0.0011111111111111107
29 3 0.00027777777777777778
30 3 9.2592592592592574e-05
51 3 3.0864197530864198e-05
52 3 9.2592592592592602e-05
53 3 0.00037037037037037014
54 3 9.2592592592592534e-05
55 3 3.0864197530864198e-05
3 4 0.00055555555555555534
4 4 0.0007407407407407406
5 4 0.00055555555555555556
28 4 0.00027777777777777778
29 4 0.0003703703703703703
30 4 0.00027777777777777783
53 4 9.2592592592592534e-05
54 4 0.00012345679012345679
55 4 9.2592592592592615e-05
3 5 0.00018518518518518515
4 5 0.00055555555555555545
5 5 0.0022222222222222227
6 5 0.00055555555555555523
7 5 0.00018518518518518512
28 5 9.2592592592592574e-05
29 5 0.00027777777777777789
30 5 0.0011111111111111113
31 5 0.00027777777777777772
32 5 9.2592592592592561e-05
53 5 3.0864197530864198e-05
54 5 9.2592592592592615e-05
55 5 0.00037037037037037041
56 5 9.2592592592592534e-05
57 5 3.0864197530864191e-05
5 6 0.00055555555555555523
6 6 0.00074074074074074038
7 6 0.00055555555555555534
30 6 0.00027777777777777778
31 6 0.00037037037037037024
32 6 0.00027777777777777772
55 6 9.2592592592592534e-05
56 6 0.00012345679012345677
57 6 9.2592592592592561e-05
5 7 0.00018518518518518509
6 7 0.00055555555555555523
7 7 0.0022222222222222209
8 7 0.00055555555555555577
9 7 0.00018518518518518515
30 7 9.2592592592592561e-05
31 7 0.00027777777777777772
32 7 0.0011111111111111105
33 7 0.00027777777777777799
34 7 9.2592592592592574e-05
55 7 3.0864197530864191e-05
56 7 9.2592592592592561e-05
57 7 0.00037037037037037019
58 7 9.2592592592592602e-05
59 7 3.0864197530864198e-05
7 8 0.00055555555555555577
8 8 0.0007407407407407406
9 8 0.00055555555555555512
32 8 0.00027777777777777799
33 8 0.0003703703703703703
34 8 0.00027777777777777767
57 8 9.2592592592592602e-05
58 8 0.00012345679012345677
59 8 9.2592592592592547e-05
7 9 0.00018518518518518515
8 9 0.00055555555555555501
9 9 0.0022222222222222196
10 9 0.00055555555555555523
11 9 0.00018518518518518515
32 9 9.2592592592592574e-05
33 9 0.00027777777777777767
34 9 0.0011111111111111098
35 9 0.00027777777777777767
36 9 9.2592592592592574e-05
57 9 3.0864197530864198e-05
58 9 9.2592592592592547e-05
59 9 0.00037037037037036997
60 9 9.259259259259252e-05
61 9 3.0864197530864198e-05
9 10 0.00055555555555555523
10 10 0.0007407407407407406
11 10 0.00055555555555555577
34 10 0.00027777777777777767
35 10 0.0003703703703703703
36 10 0.00027777777777777794
59 10 9.259259259259252e-05
60 10 0.00012345679012345677
61 10 9.2592592592592642e-05
9 11 0.00018518518518518515
10 11 0.00055555555555555556
11 11 0.0022222222222222222
12 11 0.00055555555555555566
13 11 0.0001851851851851852
34 11 9.2592592592592574e-05
35 11 0.00027777777777777794
36 11 0.0011111111111111109
37 11 0.00027777777777777805
38 11 9.2592592592592588e-05
59 11 3.0864197530864198e-05
60 11 9.2592592592592642e-05
61 11 0.00037037037037037035
62 11 9.2592592592592615e-05
63 11 3.0864197530864205e-05
11 12 0.00055555555555555566
12 12 0.00074074074074074092
13 12 0.00055555555555555556
36 12 0.00027777777777777799
37 12 0.00037037037037037041
38 12 0.00027777777777777794
61 12 9.2592592592592615e-05
62 12 0.00012345679012345682
63 12 9.2592592592592629e-05
11 13 0.0001851851851851852
12 13 0.00055555555555555556
13 13 0.0022222222222222222
14 13 0.0005555555555555549
15 13 0.00018518518518518474
36 13 9.2592592592592588e-05
37 13 0.00027777777777777794
38 13 0.0011111111111111111
39 13 0.00027777777777777751
40 13 9.2592592592592398e-05
61 13 3.0864197530864205e-05
62 13 9.2592592592592629e-05
63 13 0.00037037037037037035
64 13 9.259259259259248e-05
65 13 3.0864197530864124e-05
13 14 0.0005555555555555549
14 14 0.00074074074074073897
15 14 0.00055555555555555469
38 14 0.00027777777777777751
39 14 0.00037037037037036959
40 14 0.00027777777777777751
63 14 9.259259259259248e-05
64 14 0.00012345679012345649
65 14 9.259259259259248e-05
13 15 0.00018518518518518474
14 15 0.00055555555555555469
15 15 0.0022222222222222227
16 15 0.00055555555555555523
17 15 0.00018518518518518518
38 15 9.2592592592592398e-05
39 15 0.00027777777777777751
40 15 0.0011111111111111115
41 15 0.00027777777777777772
42 15 9.2592592592592602e-05
63 15 3.0864197530864124e-05
64 15 9.259259259259248e-05
65 15 0.00037037037037037051
66 15 9.2592592592592561e-05
67 15 3.0864197530864205e-05
15 16 0.00055555555555555523
16 16 0.00074074074074074081
17 16 0.0005555555555555561
40 16 0.00027777777777777772
41 16 0.00037037037037037041
42 16 0.00027777777777777816
65 16 9.2592592592592561e-05
66 16 0.00012345679012345682
67 16 9.259259259259271e-05
15 17 0.00018518518518518518
16 17 0.0005555555555555561
17 17 0.0022222222222222201
18 17 0.00055555555555555621
19 17 0.00018518518518518523
40 17 9.2592592592592602e-05
41 17 0.00027777777777777816
42 17 0.0011111111111111105
43 17 0.00027777777777777821
44 17 9.2592592592592602e-05
65 17 3.0864197530864205e-05
66 17 9.259259259259271e-05
67 17 0.00037037037037037019
68 17 9.259259259259271e-05
69 17 3.0864197530864205e-05
17 18 0.00055555555555555621
18 18 0.00074074074074074092
19 18 0.00055555555555555523
42 18 0.00027777777777777821
43 18 0.00037037037037037041
44 18 0.00027777777777777778
67 18 9.259259259259271e-05
68 18 0.00012345679012345682
69 18 9.2592592592592561e-05
17 19 0.00018518518518518523
18 19 0.00055555555555555523
19 19 0.0022222222222222205
20 19 0.00055555555555555523
21 19 0.00018518518518518507
42 19 9.2592592592592602e-05
43 19 0.00027777777777777778
44 19 0.00111111111111111
45 19 0.00027777777777777756
46 19 9.2592592592592561e-05
67 19 3.0864197530864205e-05
68 19 9.2592592592592561e-05
69 19 0.00037037037037037003
70 19 9.2592592592592507e-05
71 19 3.0864197530864185e-05
19 20 0.00055555555555555523
20 20 0.00074074074074074027
21 20 0.00055555555555555512
44 20 0.00027777777777777756
45 20 0.00037037037037037024
46 20 0.00027777777777777772
69 20 9.2592592592592507e-05
70 20 0.00012345679012345674
71 20 9.2592592592592547e-05
19 21 0.00018518518518518507
20 21 0.00055555555555555512
21 21 0.0022222222222222261
22 21 0.0005555555555555536
23 21 0.0001851851851851848
44 21 9.2592592592592561e-05
45 21 0.00027777777777777772
46 21 0.0011111111111111128
47 21 0.00027777777777777691
48 21 9.2592592592592398e-05
69 21 3.0864197530864185e-05
70 21 9.2592592592592547e-05
71 21 0.00037037037037037106
72 21 9.259259259259229e-05
73 21 3.0864197530864137e-05
21 22 0.0005555555555555536
22 22 0.00074074074074073919
23 22 0.00055555555555555588
46 22 0.00027777777777777691
47 22 0.00037037037037036959
48 22 0.00027777777777777805
71 22 9.259259259259229e-05
72 22 0.00012345679012345655
73 22 9.2592592592592669e-05
21 23 0.0001851851851851848
22 23 0.00055555555555555588
23 23 0.0022222222222222235
24 23 0.00055555555555555621
25 23 0.00018518518518518528
46 23 9.2592592592592398e-05
47 23 0.00027777777777777805
48 23 0.001111111111111112
49 23 0.00027777777777777821
50 23 9.2592592592592656e-05
71 23 3.0864197530864137e-05
72 23 9.2592592592592669e-05
73 23 0.00037037037037037073
74 23 9.259259259259271e-05
75 23 3.0864197530864225e-05
23 24 0.00055555555555555621
24 24 0.00074074074074074114
25 24 0.00055555555555555653
48 24 0.00027777777777777821
49 24 0.00037037037037037062
50 24 0.00027777777777777843
73 24 9.259259259259271e-05
74 24 0.0001234567901234569
75 24 9.2592592592592791e-05
23 25 0.00018518518518518528
24 25 0.00055555555555555653
25 25 0.0011111111111111094
48 25 9.2592592592592656e-05
49 25 0.00027777777777777843
50 25 0.0005555555555555549
73 25 3.0864197530864225e-05
74 25 9.2592592592592791e-05
75 25 0.00018518518518518496
1 26 0.00055555555555555545
2 26 0.00027777777777777783
3 26 9.2592592592592574e-05
26 26 0.0007407407407407406
27 26 0.0003703703703703703
28 26 0.00012345679012345679
51 26 0.00055555555555555545
52 26 0.00027777777777777783
53 26 9.2592592592592588e-05
1 27 0.00027777777777777783
2 27 0.0003703703703703703
3 27 0.00027777777777777783
26 27 0.0003703703703703703
27 27 0.00049382716049382717
28 27 0.00037037037037037041
51 27 0.00027777777777777783
52 27 0.00037037037037037035
53 27 0.00027777777777777783
1 28 9.2592592592592574e-05
2 28 0.00027777777777777783
3 28 0.0011111111111111107
4 28 0.00027777777777777778
5 28 9.2592592592592574e-05
26 28 0.00012345679012345679
27 28 0.00037037037037037041
28 28 0.0014814814814814805
29 28 0.00037037037037037014
30 28 0.00012345679012345679
51 28 9.2592592592592588e-05
52 28 0.00027777777777777783
53 28 0.0011111111111111109
54 28 0.00027777777777777772
55 28 9.2592592592592588e-05
3 29 0.00027777777777777778
4 29 0.0003703703703703703
5 29 0.00027777777777777789
28 29 0.00037037037037037014
29 29 0.00049382716049382717
30 29 0.00037037037037037046
53 29 0.00027777777777777772
54 29 0.00037037037037037035
55 29 0.00027777777777777789
3 30 9.2592592592592574e-05
4 30 0.00027777777777777789
5 30 0.0011111111111111113
6 30 0.00027777777777777778
7 30 9.2592592592592561e-05
28 30 0.00012345679012345679
29 30 0.00037037037037037046
30 30 0.0014814814814814816
31 30 0.00037037037037037014
32 30 0.00012345679012345677
53 30 9.2592592592592588e-05
54 30 0.00027777777777777789
55 30 0.0011111111111111115
56 30 0.00027777777777777778
57 30 9.2592592592592574e-05
5 31 0.00027777777777777778
6 31 0.00037037037037037024
7 31 0.00027777777777777778
30 31 0.00037037037037037014
31 31 0.00049382716049382706
32 31 0.0003703703703703703
55 31 0.00027777777777777778
56 31 0.00037037037037037024
57 31 0.00027777777777777778
5 32 9.2592592592592561e-05
6 32 0.00027777777777777778
7 32 0.0011111111111111107
8 32 0.00027777777777777799
9 32 9.2592592592592574e-05
30 32 0.00012345679012345677
31 32 0.0003703703703703703
32 32 0.0014814814814814808
33 32 0.00037037037037037041
34 32 0.00012345679012345679
55 32 9.2592592592592574e-05
56 32 0.00027777777777777778
57 32 0.0011111111111111109
58 32 0.00027777777777777794
59 32 9.2592592592592588e-05
7 33 0.00027777777777777799
8 33 0.0003703703703703703
9 33 0.00027777777777777767
32 33 0.00037037037037037041
33 33 0.00049382716049382706
34 33 0.00037037037037037019
57 33 0.00027777777777777799
58 33 0.00037037037037037035
59 33 0.00027777777777777767
7 34 9.2592592592592574e-05
8 34 0.00027777777777777767
9 34 0.00111111111111111
10 34 0.00027777777777777767
11 34 9.2592592592592574e-05
32 34 0.00012345679012345679
33 34 0.00037037037037037019
34 34 0.0014814814814814799
35 34 0.00037037037037037008
36 34 0.00012345679012345679
57 34 9.2592592592592588e-05
58 34 0.00027777777777777767
59 34 0.0011111111111111105
60 34 0.00027777777777777772
61 34 9.2592592592592588e-05
9 35 0.00027777777777777767
10 35 0.0003703703703703703
11 35 0.00027777777777777794
34 35 0.00037037037037037008
35 35 0.00049382716049382706
36 35 0.00037037037037037057
59 35 0.00027777777777777772
60 35 0.00037037037037037035
61 35 0.00027777777777777794
9 36 9.2592592592592574e-05
10 36 0.00027777777777777794
11 36 0.0011111111111111109
12 36 0.00027777777777777799
13 36 9.2592592592592588e-05
34 36 0.00012345679012345679
35 36 0.00037037037037037057
36 36 0.0014814814814814814
37 36 0.00037037037037037046
38 36 0.00012345679012345682
59 36 9.2592592592592588e-05
60 36 0.00027777777777777794
61 36 0.0011111111111111113
62 36 0.00027777777777777799
63 36 9.2592592592592602e-05
11 37 0.00027777777777777805
12 37 0.00037037037037037041
13 37 0.00027777777777777794
36 37 0.00037037037037037046
37 37 0.00049382716049382728
38 37 0.00037037037037037051
61 37 0.00027777777777777799
62 37 0.00037037037037037041
63 37 0.00027777777777777794
11 38 9.2592592592592588e-05
12 38 0.00027777777777777794
13 38 0.0011111111111111111
14 38 0.00027777777777777751
15 38 9.2592592592592398e-05
36 38 0.00012345679012345682
37 38 0.00037037037037037051
38 38 0.0014814814814814814
39 38 0.00037037037037036992
40 38 0.00012345679012345649
61 38 9.2592592592592602e-05
62 38 0.00027777777777777794
63 38 0.0011111111111111111
64 38 0.00027777777777777751
65 38 9.2592592592592398e-05
13 39 0.00027777777777777751
14 39 0.00037037037037036959
15 39 0.00027777777777777751
38 39 0.00037037037037036992
39 39 0.00049382716049382598
40 39 0.00037037037037036992
63 39 0.00027777777777777751
64 39 0.00037037037037036959
65 39 0.00027777777777777751
13 40 9.2592592592592398e-05
14 40 0.00027777777777777751
15 40 0.0011111111111111115
16 40 0.00027777777777777767
17 40 9.2592592592592602e-05
38 40 0.00012345679012345649
39 40 0.00037037037037036992
40 40 0.0014814814814814821
41 40 0.00037037037037037024
42 40 0.00012345679012345682
63 40 9.2592592592592398e-05
64 40 0.00027777777777777751
65 40 0.0011111111111111118
66 40 0.00027777777777777778
67 40 9.2592592592592615e-05
15 41 0.00027777777777777767
16 41 0.00037037037037037041
17 41 0.00027777777777777816
40 41 0.00037037037037037024
41 41 0.00049382716049382728
42 41 0.00037037037037037084
65 41 0.00027777777777777778
66 41 0.00037037037037037046
67 41 0.00027777777777777816
15 42 9.2592592592592602e-05
16 42 0.00027777777777777816
17 42 0.0011111111111111105
18 42 0.00027777777777777827
19 42 9.2592592592592602e-05
40 42 0.00012345679012345682
41 42 0.00037037037037037084
42 42 0.0014814814814814808
43 42 0.00037037037037037084
44 42 0.00012345679012345682
65 42 9.2592592592592615e-05
66 42 0.00027777777777777816
67 42 0.0011111111111111109
68 42 0.00027777777777777832
69 42 9.2592592592592615e-05
17 43 0.00027777777777777827
18 43 0.00037037037037037041
19 43 0.00027777777777777778
42 43 0.00037037037037037084
43 43 0.00049382716049382728
44 43 0.00037037037037037024
67 43 0.00027777777777777827
68 43 0.00037037037037037041
69 43 0.00027777777777777772
17 44 9.2592592592592602e-05
18 44 0.00027777777777777778
19 44 0.00111111111111111
20 44 0.00027777777777777756
21 44 9.2592592592592561e-05
42 44 0.00012345679012345682
43 44 0.00037037037037037024
44 44 0.0014814814814814803
45 44 0.00037037037037037003
46 44 0.00012345679012345674
67 44 9.2592592592592602e-05
68 44 0.00027777777777777772
69 44 0.00111111111111111
70 44 0.00027777777777777761
71 44 9.2592592592592561e-05
19 45 0.00027777777777777756
20 45 0.00037037037037037024
21 45 0.00027777777777777772
44 45 0.00037037037037037003
45 45 0.00049382716049382696
46 45 0.00037037037037037019
69 45 0.00027777777777777761
70 45 0.00037037037037037024
71 45 0.00027777777777777772
19 46 9.2592592592592561e-05
20 46 0.00027777777777777772
21 46 0.0011111111111111128
22 46 0.00027777777777777686
23 46 9.2592592592592398e-05
44 46 0.00012345679012345674
45 46 0.00037037037037037019
46 46 0.0014814814814814842
47 46 0.00037037037037036916
48 46 0.00012345679012345655
69 46 9.2592592592592561e-05
70 46 0.00027777777777777772
71 46 0.0011111111111111133
72 46 0.00027777777777777696
73 46 9.2592592592592398e-05
21 47 0.00027777777777777691
22 47 0.00037037037037036959
23 47 0.0002777777777777781
46 47 0.00037037037037036916
47 47 0.0004938271604938262
48 47 0.00037037037037037068
71 47 0.00027777777777777696
72 47 0.00037037037037036959
73 47 0.0002777777777777781
21 48 9.2592592592592398e-05
22 48 0.0002777777777777781
23 48 0.001111111111111112
24 48 0.00027777777777777827
25 48 9.2592592592592656e-05
46 48 0.00012345679012345655
47 48 0.00037037037037037068
48 48 0.0014814814814814829
49 48 0.00037037037037037084
50 48 0.0001234567901234569
71 48 9.2592592592592398e-05
72 48 0.0002777777777777781
73 48 0.0011111111111111124
74 48 0.00027777777777777832
75 48 9.2592592592592669e-05
23 49 0.00027777777777777827
24 49 0.00037037037037037062
25 49 0.00027777777777777843
48 49 0.00037037037037037084
49 49 0.00049382716049382761
50 49 0.00037037037037037117
73 49 0.00027777777777777827
74 49 0.00037037037037037062
75 49 0.00027777777777777837
23 50 9.2592592592592656e-05
24 50 0.00027777777777777843
25 50 0.0005555555555555548
48 50 0.0001234567901234569
49 50 0.00037037037037037117
50 50 0.00074074074074073995
73 50 9.2592592592592656e-05
74 50 0.00027777777777777837
75 50 0.0005555555555555549
1 51 0.00018518518518518515
2 51 9.2592592592592574e-05
3 51 3.0864197530864198e-05
26 51 0.00055555555555555545
27 51 0.00027777777777777783
28 51 9.2592592592592588e-05
51 51 0.0022222222222222218
52 51 0.0011111111111111107
53 51 0.00037037037037037024
76 51 0.00055555555555555534
77 51 0.00027777777777777778
78 51 9.2592592592592547e-05
101 51 0.00018518518518518515
102 51 9.2592592592592574e-05
103 51 3.0864197530864198e-05
1 52 9.2592592592592561e-05
2 52 0.00012345679012345679
3 52 9.2592592592592602e-05
26 52 0.00027777777777777783
27 52 0.00037037037037037035
28 52 0.00027777777777777783
51 52 0.0011111111111111107
52 52 0.001481481481481481
53 52 0.0011111111111111113
76 52 0.00027777777777777778
77 52 0.00037037037037037019
78 52 0.00027777777777777778
101 52 9.2592592592592561e-05
102 52 0.00012345679012345679
103 52 9.2592592592592588e-05
1 53 3.0864197530864198e-05
2 53 9.2592592592592602e-05
3 53 0.00037037037037037014
4 53 9.2592592592592534e-05
5 53 3.0864197530864198e-05
26 53 9.2592592592592588e-05
27 53 0.00027777777777777783
28 53 0.0011111111111111107
29 53 0.00027777777777777778
30 53 9.2592592592592588e-05
51 53 0.00037037037037037024
52 53 0.0011111111111111111
53 53 0.0044444444444444436
54 53 0.0011111111111111105
55 53 0.00037037037037037024
76 53 9.2592592592592547e-05
77 53 0.00027777777777777778
78 53 0.0011111111111111102
79 53 0.00027777777777777767
80 53 9.2592592592592547e-05
101 53 3.0864197530864198e-05
102 53 9.2592592592592602e-05
103 53 0.00037037037037037014
104 53 9.2592592592592534e-05
105 53 3.0864197530864198e-05
3 54 9.2592592592592534e-05
4 54 0.00012345679012345679
5 54 9.2592592592592615e-05
28 54 0.00027777777777777778
29 54 0.00037037037037037035
30 54 0.00027777777777777789
53 54 0.0011111111111111105
54 54 0.001481481481481481
55 54 0.0011111111111111113
78 54 0.00027777777777777767
79 54 0.00037037037037037019
80 54 0.00027777777777777778
103 54 9.2592592592592534e-05
104 54 0.00012345679012345679
105 54 9.2592592592592602e-05
3 55 3.0864197530864198e-05
4 55 9.2592592592592615e-05
5 55 0.00037037037037037041
6 55 9.259259259259252e-05
7 55 3.0864197530864191e-05
28 55 9.2592592592592588e-05
29 55 0.00027777777777777789
30 55 0.0011111111111111115
31 55 0.00027777777777777778
32 55 9.2592592592592561e-05
53 55 0.00037037037037037024
54 55 0.0011111111111111111
55 55 0.0044444444444444453
56 55 0.0011111111111111102
57 55 0.00037037037037037024
78 55 9.2592592592592547e-05
79 55 0.00027777777777777783
80 55 0.0011111111111111109
81 55 0.00027777777777777767
82 55 9.2592592592592547e-05
103 55 3.0864197530864198e-05
104 55 9.2592592592592615e-05
105 55 0.00037037037037037041
106 55 9.259259259259252e-05
107 55 3.0864197530864191e-05
5 56 9.259259259259252e-05
6 56 0.00012345679012345677
7 56 9.2592592592592574e-05
30 56 0.00027777777777777778
31 56 0.00037037037037037024
32 56 0.00027777777777777778
55 56 0.0011111111111111102
56 56 0.0014814814814814808
57 56 0.0011111111111111109
80 56 0.00027777777777777767
81 56 0.00037037037037037019
82 56 0.00027777777777777772
105 56 9.2592592592592534e-05
106 56 0.00012345679012345677
107 56 9.2592592592592561e-05
5 57 3.0864197530864191e-05
6 57 9.2592592592592574e-05
7 57 0.00037037037037037024
8 57 9.2592592592592602e-05
9 57 3.0864197530864198e-05
30 57 9.2592592592592574e-05
31 57 0.00027777777777777778
32 57 0.0011111111111111107
33 57 0.00027777777777777794
34 57 9.2592592592592588e-05
55 57 0.00037037037037037024
56 57 0.0011111111111111107
57 57 0.0044444444444444427
58 57 0.0011111111111111109
59 57 0.00037037037037037024
80 57 9.2592592592592547e-05
81 57 0.00027777777777777772
82 57 0.00111111111111111
83 57 0.00027777777777777789
84 57 9.2592592592592547e-05
105 57 3.0864197530864191e-05
106 57 9.2592592592592561e-05
107 57 0.00037037037037037024
108 57 9.2592592592592602e-05
109 57 3.0864197530864198e-05
7 58 9.2592592592592602e-05
8 58 0.00012345679012345677
9 58 9.2592592592592547e-05
32 58 0.00027777777777777799
33 58 0.00037037037037037035
34 58 0.00027777777777777767
57 58 0.0011111111111111113
58 58 0.001481481481481481
59 58 0.0011111111111111105
82 58 0.00027777777777777789
83 58 0.00037037037037037019
84 58 0.00027777777777777761
107 58 9.2592592592592602e-05
108 58 0.00012345679012345677
109 58 9.2592592592592547e-05
7 59 3.0864197530864198e-05
8 59 9.2592592592592547e-05
9 59 0.00037037037037036997
10 59 9.259259259259252e-05
11 59 3.0864197530864198e-05
32 59 9.2592592592592588e-05
33 59 0.00027777777777777767
34 59 0.0011111111111111102
35 59 0.00027777777777777772
36 59 9.2592592592592588e-05
57 59 0.00037037037037037024
58 59 0.0011111111111111105
59 59 0.004444444444444441
60 59 0.00111111111111111
61 59 0.00037037037037037024
82 59 9.2592592592592547e-05
83 59 0.00027777777777777756
84 59 0.0011111111111111094
85 59 0.00027777777777777761
86 59 9.2592592592592547e-05
107 59 3.0864197530864198e-05
108 59 9.2592592592592547e-05
109 59 0.00037037037037036997
110 59 9.259259259259252e-05
111 59 3.0864197530864198e-05
9 60 9.259259259259252e-05
10 60 0.00012345679012345677
11 60 9.2592592592592642e-05
34 60 0.00027777777777777772
35 60 0.00037037037037037035
36 60 0.00027777777777777794
59 60 0.0011111111111111105
60 60 0.001481481481481481
61 60 0.0011111111111111115
84 60 0.00027777777777777761
85 60 0.00037037037037037019
86 60 0.00027777777777777783
109 60 9.259259259259252e-05
110 60 0.00012345679012345677
111 60 9.2592592592592629e-05
9 61 3.0864197530864198e-05
10 61 9.2592592592592642e-05
11 61 0.00037037037037037035
12 61 9.2592592592592615e-05
13 61 3.0864197530864205e-05
34 61 9.2592592592592588e-05
35 61 0.00027777777777777789
36 61 0.0011111111111111113
37 61 0.00027777777777777799
38 61 9.2592592592592602e-05
59 61 0.00037037037037037024
60 61 0.0011111111111111115
61 61 0.0044444444444444444
62 61 0.0011111111111111113
63 61 0.0003703703703703703
84 61 9.2592592592592547e-05
85 61 0.00027777777777777789
86 61 0.0011111111111111107
87 61 0.00027777777777777794
88 61 9.2592592592592561e-05
109 61 3.0864197530864198e-05
110 61 9.2592592592592642e-05
111 61 0.00037037037037037035
112 61 9.2592592592592615e-05
113 61 3.0864197530864205e-05
11 62 9.2592592592592615e-05
12 62 0.00012345679012345682
13 62 9.2592592592592629e-05
36 62 0.00027777777777777799
37 62 0.00037037037037037041
38 62 0.00027777777777777794
61 62 0.0011111111111111113
62 62 0.0014814814814814814
63 62 0.0011111111111111115
86 62 0.00027777777777777794
87 62 0.00037037037037037024
88 62 0.00027777777777777789
111 62 9.2592592592592615e-05
112 62 0.00012345679012345682
113 62 9.2592592592592629e-05
11 63 3.0864197530864205e-05
12 63 9.2592592592592629e-05
13 63 0.00037037037037037035
14 63 9.259259259259248e-05
15 63 3.0864197530864124e-05
36 63 9.2592592592592602e-05
37 63 0.00027777777777777794
38 63 0.0011111111111111111
39 63 0.00027777777777777756
40 63 9.2592592592592398e-05
61 63 0.0003703703703703703
62 63 0.0011111111111111115
63 63 0.0044444444444444436
64 63 0.0011111111111111094
65 63 0.00037037037037036938
86 63 9.2592592592592561e-05
87 63 0.00027777777777777789
88 63 0.0011111111111111105
89 63 0.00027777777777777745
90 63 9.2592592592592344e-05
111 63 3.0864197530864205e-05
112 63 9.2592592592592629e-05
113 63 0.00037037037037037035
114 63 9.259259259259248e-05
115 63 3.0864197530864124e-05
13 64 9.259259259259248e-05
14 64 0.00012345679012345649
15 64 9.259259259259248e-05
38 64 0.00027777777777777756
39 64 0.00037037037037036959
40 64 0.00027777777777777751
63 64 0.0011111111111111094
64 64 0.0014814814814814775
65 64 0.0011111111111111098
88 64 0.00027777777777777745
89 64 0.00037037037037036938
90 64 0.0002777777777777774
113 64 9.259259259259248e-05
114 64 0.00012345679012345649
115 64 9.259259259259248e-05
13 65 3.0864197530864124e-05
14 65 9.259259259259248e-05
15 65 0.00037037037037037051
16 65 9.2592592592592561e-05
17 65 3.0864197530864205e-05
38 65 9.2592592592592398e-05
39 65 0.00027777777777777751
40 65 0.0011111111111111118
41 65 0.00027777777777777783
42 65 9.2592592592592615e-05
63 65 0.00037037037037036938
64 65 0.0011111111111111098
65 65 0.004444444444444447
66 65 0.0011111111111111102
67 65 0.00037037037037037041
88 65 9.2592592592592344e-05
89 65 0.0002777777777777774
90 65 0.0011111111111111113
91 65 0.00027777777777777761
92 65 9.2592592592592588e-05
113 65 3.0864197530864124e-05
114 65 9.259259259259248e-05
115 65 0.00037037037037037051
116 65 9.2592592592592561e-05
117 65 3.0864197530864205e-05
15 66 9.2592592592592561e-05
16 66 0.00012345679012345682
17 66 9.259259259259271e-05
40 66 0.00027777777777777783
41 66 0.00037037037037037046
42 66 0.00027777777777777816
65 66 0.0011111111111111102
66 66 0.0014814814814814816
67 66 0.0011111111111111126
90 66 0.00027777777777777761
91 66 0.00037037037037037035
92 66 0.00027777777777777799
115 66 9.2592592592592561e-05
116 66 0.00012345679012345682
117 66 9.259259259259271e-05
15 67 3.0864197530864205e-05
16 67 9.259259259259271e-05
17 67 0.00037037037037037019
18 67 9.259259259259271e-05
19 67 3.0864197530864205e-05
40 67 9.2592592592592615e-05
41 67 0.00027777777777777816
42 67 0.0011111111111111109
43 67 0.00027777777777777827
44 67 9.2592592592592615e-05
65 67 0.00037037037037037041
66 67 0.0011111111111111126
67 67 0.0044444444444444427
68 67 0.001111111111111112
69 67 0.00037037037037037035
90 67 9.2592592592592588e-05
91 67 0.00027777777777777799
92 67 0.00111111111111111
93 67 0.00027777777777777816
94 67 9.2592592592592561e-05
115 67 3.0864197530864205e-05
116 67 9.259259259259271e-05
117 67 0.00037037037037037019
118 67 9.259259259259271e-05
119 67 3.0864197530864205e-05
17 68 9.259259259259271e-05
18 68 0.00012345679012345682
19 68 9.2592592592592561e-05
42 68 0.00027777777777777827
43 68 0.00037037037037037041
44 68 0.00027777777777777778
67 68 0.001111111111111112
68 68 0.0014814814814814814
69 68 0.0011111111111111109
92 68 0.00027777777777777805
93 68 0.00037037037037037024
94 68 0.00027777777777777767
117 68 9.2592592592592696e-05
118 68 0.00012345679012345682
119 68 9.2592592592592561e-05
17 69 3.0864197530864205e-05
18 69 9.2592592592592561e-05
19 69 0.00037037037037037008
20 69 9.2592592592592507e-05
21 69 3.0864197530864185e-05
42 69 9.2592592592592615e-05
43 69 0.00027777777777777778
44 69 0.00111111111111111
45 69 0.00027777777777777761
46 69 9.2592592592592561e-05
67 69 0.0003703703703703703
68 69 0.0011111111111111109
69 69 0.004444444444444441
70 69 0.0011111111111111098
71 69 0.00037037037037037003
92 69 9.2592592592592561e-05
93 69 0.00027777777777777767
94 69 0.0011111111111111096
95 69 0.00027777777777777751
96 69 9.2592592592592507e-05
117 69 3.0864197530864205e-05
118 69 9.2592592592592561e-05
119 69 0.00037037037037037003
120 69 9.2592592592592507e-05
121 69 3.0864197530864185e-05
19 70 9.2592592592592507e-05
20 70 0.00012345679012345674
21 70 9.2592592592592547e-05
44 70 0.00027777777777777761
45 70 0.00037037037037037024
46 70 0.00027777777777777772
69 70 0.0011111111111111098
70 70 0.0014814814814814801
71 70 0.0011111111111111105
94 70 0.00027777777777777751
95 70 0.00037037037037037003
96 70 0.00027777777777777761
119 70 9.2592592592592507e-05
120 70 0.00012345679012345674
121 70 9.2592592592592547e-05
19 71 3.0864197530864185e-05
20 71 9.2592592592592547e-05
21 71 0.00037037037037037106
22 71 9.259259259259229e-05
23 71 3.0864197530864137e-05
44 71 9.2592592592592561e-05
45 71 0.00027777777777777772
46 71 0.0011111111111111133
47 71 0.00027777777777777702
48 71 9.2592592592592398e-05
69 71 0.00037037037037037003
70 71 0.0011111111111111105
71 71 0.0044444444444444522
72 71 0.0011111111111111072
73 71 0.00037037037037036954
94 71 9.2592592592592507e-05
95 71 0.00027777777777777761
96 71 0.0011111111111111126
97 71 0.0002777777777777768
98 71 9.2592592592592371e-05
119 71 3.0864197530864185e-05
120 71 9.2592592592592547e-05
121 71 0.00037037037037037095
122 71 9.259259259259229e-05
123 71 3.0864197530864137e-05
21 72 9.259259259259229e-05
22 72 0.00012345679012345655
23 72 9.2592592592592669e-05
46 72 0.00027777777777777702
47 72 0.00037037037037036959
48 72 0.0002777777777777781
71 72 0.0011111111111111072
72 72 0.0014814814814814784
73 72 0.001111111111111112
96 72 0.0002777777777777768
97 72 0.00037037037037036948
98 72 0.00027777777777777799
121 72 9.259259259259229e-05
122 72 0.00012345679012345655
123 72 9.2592592592592669e-05
21 73 3.0864197530864137e-05
22 73 9.2592592592592669e-05
23 73 0.00037037037037037073
24 73 9.259259259259271e-05
25 73 3.0864197530864225e-05
46 73 9.2592592592592398e-05
47 73 0.0002777777777777781
48 73 0.0011111111111111124
49 73 0.00027777777777777827
50 73 9.2592592592592669e-05
71 73 0.00037037037037036954
72 73 0.001111111111111112
73 73 0.0044444444444444488
74 73 0.001111111111111112
75 73 0.00037037037037037051
96 73 9.2592592592592371e-05
97 73 0.00027777777777777799
98 73 0.0011111111111111115
99 73 0.00027777777777777816
100 73 9.2592592592592615e-05
121 73 3.0864197530864137e-05
122 73 9.2592592592592669e-05
123 73 0.00037037037037037073
124 73 9.259259259259271e-05
125 73 3.0864197530864225e-05
23 74 9.259259259259271e-05
24 74 0.0001234567901234569
25 74 9.2592592592592791e-05
48 74 0.00027777777777777827
49 74 0.00037037037037037062
50 74 0.00027777777777777843
73 74 0.001111111111111112
74 74 0.0014814814814814821
75 74 0.0011111111111111135
98 74 0.00027777777777777805
99 74 0.00037037037037037046
100 74 0.00027777777777777832
123 74 9.2592592592592696e-05
124 74 0.0001234567901234569
125 74 9.2592592592592791e-05
23 75 3.0864197530864225e-05
24 75 9.2592592592592791e-05
25 75 0.00018518518518518499
48 75 9.2592592592592669e-05
49 75 0.00027777777777777843
50 75 0.00055555555555555501
73 75 0.00037037037037037051
74 75 0.0011111111111111135
75 75 0.0022222222222222192
98 75 9.2592592592592615e-05
99 75 0.00027777777777777832
100 75 0.0005555555555555548
123 75 3.0864197530864225e-05
124 75 9.2592592592592791e-05
125 75 0.00018518518518518496
51 76 0.00055555555555555523
52 76 0.00027777777777777778
53 76 9.2592592592592547e-05
76 76 0.0007407407407407406
77 76 0.0003703703703703703
78 76 0.00012345679012345679
101 76 0.00055555555555555556
102 76 0.00027777777777777794
103 76 9.2592592592592588e-05
51 77 0.00027777777777777778
52 77 0.00037037037037037019
53 77 0.00027777777777777778
76 77 0.0003703703703703703
77 77 0.00049382716049382717
78 77 0.00037037037037037035
101 77 0.00027777777777777794
102 77 0.00037037037037037041
103 77 0.00027777777777777783
51 78 9.2592592592592547e-05
52 78 0.00027777777777777778
53 78 0.0011111111111111105
54 78 0.00027777777777777767
55 78 9.2592592592592547e-05
76 78 0.00012345679012345679
77 78 0.00037037037037037035
78 78 0.0014814814814814805
79 78 0.00037037037037037014
80 78 0.00012345679012345679
101 78 9.2592592592592602e-05
102 78 0.00027777777777777783
103 78 0.0011111111111111109
104 78 0.00027777777777777783
105 78 9.2592592592592588e-05
53 79 0.00027777777777777767
54 79 0.00037037037037037019
55 79 0.00027777777777777783
78 79 0.00037037037037037014
79 79 0.00049382716049382717
80 79 0.00037037037037037046
103 79 0.00027777777777777783
104 79 0.00037037037037037035
105 79 0.00027777777777777789
53 80 9.2592592592592547e-05
54 80 0.00027777777777777783
55 80 0.0011111111111111109
56 80 0.00027777777777777767
57 80 9.2592592592592547e-05
78 80 0.00012345679012345679
79 80 0.00037037037037037046
80 80 0.0014814814814814816
81 80 0.00037037037037037014
82 80 0.00012345679012345677
103 80 9.2592592592592588e-05
104 80 0.00027777777777777789
105 80 0.0011111111111111115
106 80 0.00027777777777777778
107 80 9.2592592592592588e-05
55 81 0.00027777777777777767
56 81 0.00037037037037037008
57 81 0.00027777777777777772
80 81 0.00037037037037037014
81 81 0.00049382716049382706
82 81 0.0003703703703703703
105 81 0.00027777777777777778
106 81 0.00037037037037037035
107 81 0.00027777777777777778
55 82 9.2592592592592547e-05
56 82 0.00027777777777777772
57 82 0.0011111111111111102
58 82 0.00027777777777777789
59 82 9.2592592592592547e-05
80 82 0.00012345679012345677
81 82 0.0003703703703703703
82 82 0.0014814814814814808
83 82 0.00037037037037037041
84 82 0.00012345679012345679
105 82 9.2592592592592588e-05
106 82 0.00027777777777777778
107 82 0.0011111111111111109
108 82 0.00027777777777777799
109 82 9.2592592592592588e-05
57 83 0.00027777777777777789
58 83 0.00037037037037037019
59 83 0.00027777777777777761
82 83 0.00037037037037037041
83 83 0.00049382716049382706
84 83 0.00037037037037037019
107 83 0.00027777777777777799
108 83 0.00037037037037037035
109 83 0.00027777777777777767
57 84 9.2592592592592547e-05
58 84 0.00027777777777777756
59 84 0.0011111111111111098
60 84 0.00027777777777777761
61 84 9.2592592592592547e-05
82 84 0.00012345679012345679
83 84 0.00037037037037037019
84 84 0.0014814814814814799
85 84 0.00037037037037037008
86 84 0.00012345679012345679
107 84 9.2592592592592588e-05
108 84 0.00027777777777777767
109 84 0.0011111111111111105
110 84 0.00027777777777777778
111 84 9.2592592592592588e-05
59 85 0.00027777777777777761
60 85 0.00037037037037037019
61 85 0.00027777777777777789
84 85 0.00037037037037037008
85 85 0.00049382716049382706
86 85 0.00037037037037037057
109 85 0.00027777777777777778
110 85 0.00037037037037037035
111 85 0.00027777777777777794
59 86 9.2592592592592547e-05
60 86 0.00027777777777777789
61 86 0.0011111111111111107
62 86 0.00027777777777777794
63 86 9.2592592592592561e-05
84 86 0.00012345679012345679
85 86 0.00037037037037037057
86 86 0.0014814814814814814
87 86 0.00037037037037037046
88 86 0.00012345679012345682
109 86 9.2592592592592588e-05
110 86 0.00027777777777777794
111 86 0.0011111111111111113
112 86 0.00027777777777777805
113 86 9.2592592592592615e-05
61 87 0.00027777777777777794
62 87 0.00037037037037037024
63 87 0.00027777777777777789
86 87 0.00037037037037037046
87 87 0.00049382716049382728
88 87 0.00037037037037037051
111 87 0.00027777777777777805
112 87 0.00037037037037037046
113 87 0.00027777777777777799
61 88 9.2592592592592561e-05
62 88 0.00027777777777777789
63 88 0.0011111111111111105
64 88 0.00027777777777777745
65 88 9.2592592592592344e-05
86 88 0.00012345679012345682
87 88 0.00037037037037037051
88 88 0.0014814814814814814
89 88 0.00037037037037036992
90 88 0.00012345679012345649
111 88 9.2592592592592615e-05
112 88 0.00027777777777777799
113 88 0.0011111111111111113
114 88 0.00027777777777777756
115 88 9.2592592592592412e-05
63 89 0.00027777777777777745
64 89 0.00037037037037036938
65 89 0.0002777777777777774
88 89 0.00037037037037036992
89 89 0.00049382716049382598
90 89 0.00037037037037036992
113 89 0.00027777777777777756
114 89 0.00037037037037036965
115 89 0.00027777777777777751
63 90 9.2592592592592344e-05
64 90 0.0002777777777777774
65 90 0.0011111111111111113
66 90 0.00027777777777777761
67 90 9.2592592592592588e-05
88 90 0.00012345679012345649
89 90 0.00037037037037036992
90 90 0.0014814814814814821
91 90 0.00037037037037037024
92 90 0.00012345679012345682
113 90 9.2592592592592412e-05
114 90 0.00027777777777777751
115 90 0.0011111111111111122
116 90 0.00027777777777777783
117 90 9.2592592592592629e-05
65 91 0.00027777777777777761
66 91 0.00037037037037037035
67 91 0.00027777777777777805
90 91 0.00037037037037037024
91 91 0.00049382716049382728
92 91 0.00037037037037037084
115 91 0.00027777777777777783
116 91 0.00037037037037037051
117 91 0.00027777777777777821
65 92 9.2592592592592588e-05
66 92 0.00027777777777777805
67 92 0.00111111111111111
68 92 0.00027777777777777816
69 92 9.2592592592592561e-05
90 92 0.00012345679012345682
91 92 0.00037037037037037084
92 92 0.0014814814814814808
93 92 0.00037037037037037084
94 92 0.00012345679012345682
115 92 9.2592592592592629e-05
116 92 0.00027777777777777821
117 92 0.0011111111111111111
118 92 0.00027777777777777832
119 92 9.2592592592592629e-05
67 93 0.00027777777777777816
68 93 0.00037037037037037024
69 93 0.00027777777777777767
92 93 0.00037037037037037084
93 93 0.00049382716049382728
94 93 0.00037037037037037024
117 93 0.00027777777777777827
118 93 0.00037037037037037051
119 93 0.00027777777777777778
67 94 9.2592592592592561e-05
68 94 0.00027777777777777767
69 94 0.0011111111111111096
70 94 0.00027777777777777751
71 94 9.2592592592592507e-05
92 94 0.00012345679012345682
93 94 0.00037037037037037024
94 94 0.0014814814814814801
95 94 0.00037037037037037003
96 94 0.00012345679012345674
117 94 9.2592592592592629e-05
118 94 0.00027777777777777778
119 94 0.0011111111111111102
120 94 0.00027777777777777767
121 94 9.2592592592592574e-05
69 95 0.00027777777777777751
70 95 0.00037037037037037003
71 95 0.00027777777777777761
94 95 0.00037037037037037003
95 95 0.00049382716049382696
96 95 0.00037037037037037019
119 95 0.00027777777777777767
120 95 0.0003703703703703703
121 95 0.00027777777777777772
69 96 9.2592592592592507e-05
70 96 0.00027777777777777761
71 96 0.0011111111111111126
72 96 0.0002777777777777768
73 96 9.2592592592592358e-05
94 96 0.00012345679012345674
95 96 0.00037037037037037019
96 96 0.0014814814814814842
97 96 0.00037037037037036916
98 96 0.00012345679012345655
119 96 9.2592592592592574e-05
120 96 0.00027777777777777772
121 96 0.0011111111111111135
122 96 0.00027777777777777702
123 96 9.2592592592592425e-05
71 97 0.0002777777777777768
72 97 0.00037037037037036948
73 97 0.00027777777777777799
96 97 0.00037037037037036916
97 97 0.0004938271604938262
98 97 0.00037037037037037068
121 97 0.00027777777777777702
122 97 0.0003703703703703697
123 97 0.0002777777777777781
71 98 9.2592592592592358e-05
72 98 0.00027777777777777799
73 98 0.0011111111111111115
74 98 0.00027777777777777816
75 98 9.2592592592592615e-05
96 98 0.00012345679012345655
97 98 0.00037037037037037068
98 98 0.0014814814814814829
99 98 0.00037037037037037084
100 98 0.0001234567901234569
121 98 9.2592592592592425e-05
122 98 0.0002777777777777781
123 98 0.0011111111111111126
124 98 0.00027777777777777832
125 98 9.2592592592592683e-05
73 99 0.00027777777777777816
74 99 0.00037037037037037046
75 99 0.00027777777777777832
98 99 0.00037037037037037084
99 99 0.00049382716049382761
100 99 0.00037037037037037117
123 99 0.00027777777777777827
124 99 0.00037037037037037073
125 99 0.00027777777777777843
73 100 9.2592592592592615e-05
74 100 0.00027777777777777832
75 100 0.00055555555555555469
98 100 0.0001234567901234569
99 100 0.00037037037037037117
100 100 0.00074074074074073984
123 100 9.2592592592592683e-05
124 100 0.00027777777777777843
125 100 0.00055555555555555501
51 101 0.00018518518518518515
52 101 9.2592592592592561e-05
53 101 3.0864197530864198e-05
76 101 0.00055555555555555556
77 101 0.00027777777777777789
78 101 9.2592592592592602e-05
101 101 0.0022222222222222222
102 101 0.0011111111111111111
103 101 0.00037037037037037041
126 101 0.00055555555555555523
127 101 0.00027777777777777772
128 101 9.2592592592592547e-05
151 101 0.00018518518518518512
152 101 9.2592592592592561e-05
153 101 3.0864197530864191e-05
51 102 9.2592592592592561e-05
52 102 0.00012345679012345679
53 102 9.2592592592592602e-05
76 102 0.00027777777777777789
77 102 0.00037037037037037041
78 102 0.00027777777777777783
101 102 0.0011111111111111111
102 102 0.0014814814814814816
103 102 0.0011111111111111118
126 102 0.00027777777777777778
127 102 0.00037037037037037019
