# Created by Octave 5.2.0, Wed Nov 03 21:09:07 2021 CET <omen@omen-linux>
# name: ans
# type: sparse matrix
# nnz: 18769
# rows: 1225
# columns: 1225
1 1 0.00055363321799307931
2 1 0.00027681660899653971
3 1 9.2272202998846574e-05
36 1 0.00027681660899653965
37 1 0.00013840830449826994
38 1 4.61361014994233e-05
71 1 9.2272202998846547e-05
72 1 4.6136101499423287e-05
73 1 1.5378700499807768e-05
1 2 0.00027681660899653971
2 2 0.00036908881199538635
3 2 0.00027681660899653976
36 2 0.00013840830449826994
37 2 0.0001845444059976932
38 2 0.00013840830449826991
71 2 4.6136101499423287e-05
72 2 6.1514801999231072e-05
73 2 4.6136101499423314e-05
1 3 9.2272202998846574e-05
2 3 0.00027681660899653971
3 3 0.0011072664359861584
4 3 0.00027681660899653982
5 3 9.2272202998846574e-05
36 3 4.61361014994233e-05
37 3 0.00013840830449826991
38 3 0.00055363321799307952
39 3 0.00013840830449826996
40 3 4.61361014994233e-05
71 3 1.5378700499807768e-05
72 3 4.6136101499423314e-05
73 3 0.00018454440599769315
74 3 4.6136101499423307e-05
75 3 1.5378700499807768e-05
3 4 0.00027681660899653982
4 4 0.00036908881199538635
5 4 0.00027681660899653971
38 4 0.00013840830449826996
39 4 0.0001845444059976932
40 4 0.00013840830449826991
73 4 4.6136101499423307e-05
74 4 6.1514801999231072e-05
75 4 4.6136101499423307e-05
3 5 9.2272202998846574e-05
4 5 0.00027681660899653971
5 5 0.0011072664359861584
6 5 0.00027681660899653976
7 5 9.227220299884656e-05
38 5 4.61361014994233e-05
39 5 0.00013840830449826991
40 5 0.00055363321799307931
41 5 0.00013840830449826996
42 5 4.6136101499423294e-05
73 5 1.5378700499807768e-05
74 5 4.6136101499423307e-05
75 5 0.00018454440599769312
76 5 4.61361014994233e-05
77 5 1.5378700499807765e-05
5 6 0.00027681660899653976
6 6 0.00036908881199538624
7 6 0.00027681660899653965
40 6 0.00013840830449826996
41 6 0.00018454440599769317
42 6 0.00013840830449826991
75 6 4.61361014994233e-05
76 6 6.1514801999231058e-05
77 6 4.61361014994233e-05
5 7 9.227220299884656e-05
6 7 0.00027681660899653965
7 7 0.0011072664359861584
8 7 0.0002768166089965396
9 7 9.2272202998846574e-05
40 7 4.6136101499423294e-05
41 7 0.00013840830449826991
42 7 0.00055363321799307952
43 7 0.00013840830449826988
44 7 4.61361014994233e-05
75 7 1.5378700499807765e-05
76 7 4.61361014994233e-05
77 7 0.00018454440599769315
78 7 4.613610149942328e-05
79 7 1.5378700499807768e-05
7 8 0.0002768166089965396
8 8 0.00036908881199538629
9 8 0.00027681660899653982
42 8 0.00013840830449826988
43 8 0.0001845444059976932
44 8 0.00013840830449826996
77 8 4.6136101499423287e-05
78 8 6.1514801999231072e-05
79 8 4.6136101499423328e-05
7 9 9.2272202998846574e-05
8 9 0.00027681660899653982
9 9 0.0011072664359861588
10 9 0.00027681660899653971
11 9 9.2272202998846628e-05
42 9 4.61361014994233e-05
43 9 0.00013840830449826996
44 9 0.00055363321799307974
45 9 0.00013840830449826991
46 9 4.6136101499423314e-05
77 9 1.5378700499807768e-05
78 9 4.6136101499423328e-05
79 9 0.0001845444059976932
80 9 4.61361014994233e-05
81 9 1.5378700499807775e-05
9 10 0.00027681660899653971
10 10 0.00036908881199538651
11 10 0.00027681660899653971
44 10 0.00013840830449826991
45 10 0.00018454440599769326
46 10 0.00013840830449826988
79 10 4.6136101499423307e-05
80 10 6.1514801999231099e-05
81 10 4.61361014994233e-05
9 11 9.2272202998846628e-05
10 11 0.00027681660899653971
11 11 0.0011072664359861588
12 11 0.0002768166089965396
13 11 9.2272202998846452e-05
44 11 4.6136101499423321e-05
45 11 0.00013840830449826988
46 11 0.00055363321799307985
47 11 0.00013840830449826988
48 11 4.6136101499423246e-05
79 11 1.5378700499807778e-05
80 11 4.61361014994233e-05
81 11 0.0001845444059976932
82 11 4.6136101499423273e-05
83 11 1.5378700499807744e-05
11 12 0.0002768166089965396
12 12 0.00036908881199538581
13 12 0.00027681660899653971
46 12 0.00013840830449826988
47 12 0.00018454440599769298
48 12 0.00013840830449826988
81 12 4.6136101499423273e-05
82 12 6.1514801999230977e-05
83 12 4.61361014994233e-05
11 13 9.2272202998846452e-05
12 13 0.00027681660899653971
13 13 0.0011072664359861584
14 13 0.00027681660899653954
15 13 9.2272202998846465e-05
46 13 4.6136101499423239e-05
47 13 0.00013840830449826988
48 13 0.00055363321799307952
49 13 0.00013840830449826985
50 13 4.6136101499423253e-05
81 13 1.5378700499807744e-05
82 13 4.61361014994233e-05
83 13 0.00018454440599769317
84 13 4.6136101499423267e-05
85 13 1.5378700499807748e-05
13 14 0.00027681660899653954
14 14 0.00036908881199538592
15 14 0.00027681660899653998
48 14 0.00013840830449826983
49 14 0.00018454440599769301
50 14 0.00013840830449827004
83 14 4.6136101499423267e-05
84 14 6.1514801999231004e-05
85 14 4.6136101499423348e-05
13 15 9.2272202998846465e-05
14 15 0.00027681660899653998
15 15 0.0011072664359861582
16 15 0.00027681660899653976
17 15 9.2272202998846682e-05
48 15 4.6136101499423253e-05
49 15 0.00013840830449827007
50 15 0.00055363321799307931
51 15 0.00013840830449826994
52 15 4.6136101499423348e-05
83 15 1.5378700499807748e-05
84 15 4.6136101499423348e-05
85 15 0.00018454440599769312
86 15 4.6136101499423307e-05
87 15 1.5378700499807788e-05
15 16 0.00027681660899653976
16 16 0.00036908881199538673
17 16 0.00027681660899653976
50 16 0.00013840830449826994
51 16 0.00018454440599769336
52 16 0.00013840830449826991
85 16 4.6136101499423307e-05
86 16 6.1514801999231139e-05
87 16 4.6136101499423314e-05
15 17 9.2272202998846682e-05
16 17 0.00027681660899653976
17 17 0.0011072664359861595
18 17 0.00027681660899653954
19 17 9.2272202998846465e-05
50 17 4.6136101499423348e-05
51 17 0.00013840830449826991
52 17 0.00055363321799308007
53 17 0.00013840830449826985
54 17 4.6136101499423253e-05
85 17 1.5378700499807788e-05
86 17 4.6136101499423314e-05
87 17 0.00018454440599769334
88 17 4.6136101499423267e-05
89 17 1.5378700499807748e-05
17 18 0.00027681660899653954
18 18 0.00036908881199538592
19 18 0.00027681660899653998
52 18 0.00013840830449826983
53 18 0.00018454440599769301
54 18 0.00013840830449827004
87 18 4.6136101499423267e-05
88 18 6.1514801999231004e-05
89 18 4.6136101499423348e-05
17 19 9.2272202998846465e-05
18 19 0.00027681660899653998
19 19 0.001107266435986158
20 19 0.00027681660899653911
21 19 9.2272202998846628e-05
52 19 4.6136101499423253e-05
53 19 0.00013840830449827007
54 19 0.00055363321799307931
55 19 0.00013840830449826969
56 19 4.6136101499423328e-05
87 19 1.5378700499807748e-05
88 19 4.6136101499423348e-05
89 19 0.00018454440599769312
90 19 4.6136101499423212e-05
91 19 1.5378700499807775e-05
19 20 0.00027681660899653911
20 20 0.00036908881199538651
21 20 0.00027681660899653933
54 20 0.00013840830449826966
55 20 0.00018454440599769331
56 20 0.00013840830449826975
89 20 4.6136101499423212e-05
90 20 6.1514801999231112e-05
91 20 4.6136101499423246e-05
19 21 9.2272202998846628e-05
20 21 0.00027681660899653933
21 21 0.0011072664359861601
22 21 0.00027681660899653998
23 21 9.2272202998846492e-05
54 21 4.6136101499423328e-05
55 21 0.00013840830449826975
56 21 0.00055363321799308061
57 21 0.00013840830449827007
58 21 4.6136101499423267e-05
89 21 1.5378700499807775e-05
90 21 4.6136101499423246e-05
91 21 0.00018454440599769347
92 21 4.6136101499423348e-05
93 21 1.5378700499807751e-05
21 22 0.00027681660899653998
22 22 0.00036908881199538597
23 22 0.00027681660899653998
56 22 0.00013840830449827007
57 22 0.00018454440599769307
58 22 0.00013840830449827007
91 22 4.6136101499423348e-05
92 22 6.1514801999231018e-05
93 22 4.6136101499423348e-05
21 23 9.2272202998846492e-05
22 23 0.00027681660899653998
23 23 0.0011072664359861582
24 23 0.00027681660899653835
25 23 9.2272202998846425e-05
56 23 4.6136101499423267e-05
57 23 0.00013840830449827007
58 23 0.00055363321799307942
59 23 0.00013840830449826926
60 23 4.6136101499423226e-05
91 23 1.5378700499807751e-05
92 23 4.6136101499423348e-05
93 23 0.00018454440599769315
94 23 4.613610149942307e-05
95 23 1.5378700499807737e-05
23 24 0.00027681660899653835
24 24 0.00036908881199538564
25 24 0.00027681660899654009
58 24 0.00013840830449826928
59 24 0.00018454440599769288
60 24 0.0001384083044982701
93 24 4.613610149942307e-05
94 24 6.151480199923095e-05
95 24 4.6136101499423355e-05
23 25 9.2272202998846425e-05
24 25 0.00027681660899654009
25 25 0.001107266435986159
26 25 0.00027681660899653906
27 25 9.2272202998846438e-05
58 25 4.6136101499423226e-05
59 25 0.00013840830449827007
60 25 0.00055363321799307985
61 25 0.00013840830449826964
62 25 4.6136101499423239e-05
93 25 1.5378700499807737e-05
94 25 4.6136101499423355e-05
95 25 0.00018454440599769323
96 25 4.6136101499423199e-05
97 25 1.5378700499807741e-05
25 26 0.00027681660899653906
26 26 0.00036908881199538581
27 26 0.00027681660899653998
60 26 0.00013840830449826961
61 26 0.00018454440599769296
62 26 0.00013840830449827004
95 26 4.6136101499423199e-05
96 26 6.1514801999230977e-05
97 26 4.6136101499423348e-05
25 27 9.2272202998846438e-05
26 27 0.00027681660899653998
27 27 0.0011072664359861577
28 27 0.00027681660899653998
29 27 9.2272202998846492e-05
60 27 4.6136101499423239e-05
61 27 0.00013840830449827004
62 27 0.00055363321799307942
63 27 0.00013840830449827007
64 27 4.6136101499423267e-05
95 27 1.5378700499807741e-05
96 27 4.6136101499423348e-05
97 27 0.00018454440599769312
98 27 4.6136101499423348e-05
99 27 1.5378700499807751e-05
27 28 0.00027681660899653998
28 28 0.00036908881199538597
29 28 0.00027681660899653998
62 28 0.00013840830449827007
63 28 0.00018454440599769307
64 28 0.00013840830449827007
97 28 4.6136101499423348e-05
98 28 6.1514801999231018e-05
99 28 4.6136101499423348e-05
27 29 9.2272202998846492e-05
28 29 0.00027681660899653998
29 29 0.0011072664359861601
30 29 0.00027681660899653906
31 29 9.2272202998846438e-05
62 29 4.6136101499423267e-05
63 29 0.00013840830449827007
64 29 0.0005536332179930805
65 29 0.00013840830449826964
66 29 4.6136101499423239e-05
97 29 1.5378700499807751e-05
98 29 4.6136101499423348e-05
99 29 0.00018454440599769347
100 29 4.6136101499423199e-05
101 29 1.5378700499807741e-05
29 30 0.00027681660899653906
30 30 0.00036908881199538581
31 30 0.00027681660899653998
64 30 0.00013840830449826961
65 30 0.00018454440599769296
66 30 0.00013840830449827004
99 30 4.6136101499423199e-05
100 30 6.1514801999230977e-05
101 30 4.6136101499423348e-05
29 31 9.2272202998846438e-05
30 31 0.00027681660899653998
31 31 0.001107266435986158
32 31 0.00027681660899653917
33 31 9.2272202998846682e-05
64 31 4.6136101499423239e-05
65 31 0.00013840830449827004
66 31 0.00055363321799307931
67 31 0.00013840830449826969
68 31 4.6136101499423355e-05
99 31 1.5378700499807741e-05
100 31 4.6136101499423348e-05
101 31 0.00018454440599769312
102 31 4.6136101499423212e-05
103 31 1.5378700499807781e-05
31 32 0.00027681660899653917
32 32 0.00036908881199538673
33 32 0.00027681660899654025
66 32 0.00013840830449826966
67 32 0.00018454440599769342
68 32 0.00013840830449827021
101 32 4.6136101499423212e-05
102 32 6.1514801999231139e-05
103 32 4.6136101499423395e-05
31 33 9.2272202998846682e-05
32 33 0.00027681660899654025
33 33 0.001107266435986158
34 33 0.00027681660899653998
35 33 9.2272202998846492e-05
66 33 4.6136101499423355e-05
67 33 0.00013840830449827021
68 33 0.00055363321799307942
69 33 0.00013840830449827007
70 33 4.6136101499423267e-05
101 33 1.5378700499807781e-05
102 33 4.6136101499423395e-05
103 33 0.00018454440599769312
104 33 4.6136101499423348e-05
105 33 1.5378700499807751e-05
33 34 0.00027681660899653998
34 34 0.00036908881199538597
35 34 0.00027681660899653998
68 34 0.00013840830449827007
69 34 0.00018454440599769307
70 34 0.00013840830449827007
103 34 4.6136101499423348e-05
104 34 6.1514801999231018e-05
105 34 4.6136101499423348e-05
33 35 9.2272202998846492e-05
34 35 0.00027681660899653998
35 35 0.00055363321799307898
68 35 4.6136101499423267e-05
69 35 0.00013840830449827007
70 35 0.00027681660899653971
103 35 1.5378700499807751e-05
104 35 4.6136101499423348e-05
105 35 9.2272202998846574e-05
1 36 0.00027681660899653965
2 36 0.00013840830449826994
3 36 4.61361014994233e-05
36 36 0.00036908881199538619
37 36 0.0001845444059976932
38 36 6.1514801999231072e-05
71 36 0.00027681660899653971
72 36 0.00013840830449826996
73 36 4.6136101499423314e-05
1 37 0.00013840830449826994
2 37 0.0001845444059976932
3 37 0.00013840830449826991
36 37 0.0001845444059976932
37 37 0.00024605920799692429
38 37 0.00018454440599769326
71 37 0.00013840830449826996
72 37 0.00018454440599769326
73 37 0.00013840830449826994
1 38 4.61361014994233e-05
2 38 0.00013840830449826991
3 38 0.00055363321799307952
4 38 0.00013840830449826996
5 38 4.61361014994233e-05
36 38 6.1514801999231072e-05
37 38 0.00018454440599769328
38 38 0.00073817762399077259
39 38 0.00018454440599769323
40 38 6.1514801999231072e-05
71 38 4.6136101499423314e-05
72 38 0.00013840830449826994
73 38 0.00055363321799307942
74 38 0.00013840830449826999
75 38 4.6136101499423314e-05
3 39 0.00013840830449826996
4 39 0.0001845444059976932
5 39 0.00013840830449826991
38 39 0.00018454440599769323
39 39 0.00024605920799692429
40 39 0.00018454440599769323
73 39 0.00013840830449826996
74 39 0.00018454440599769326
75 39 0.00013840830449826991
3 40 4.61361014994233e-05
4 40 0.00013840830449826991
5 40 0.00055363321799307931
6 40 0.00013840830449826996
7 40 4.61361014994233e-05
38 40 6.1514801999231072e-05
39 40 0.00018454440599769326
40 40 0.00073817762399077248
41 40 0.00018454440599769323
42 40 6.1514801999231072e-05
73 40 4.6136101499423314e-05
74 40 0.00013840830449826991
75 40 0.00055363321799307942
76 40 0.00013840830449826996
77 40 4.6136101499423314e-05
5 41 0.00013840830449826996
6 41 0.00018454440599769317
7 41 0.00013840830449826991
40 41 0.00018454440599769323
41 41 0.00024605920799692423
42 41 0.0001845444059976932
75 41 0.00013840830449826996
76 41 0.0001845444059976932
77 41 0.00013840830449826988
5 42 4.6136101499423294e-05
6 42 0.00013840830449826991
7 42 0.00055363321799307952
8 42 0.00013840830449826988
9 42 4.61361014994233e-05
40 42 6.1514801999231072e-05
41 42 0.0001845444059976932
42 42 0.00073817762399077259
43 42 0.00018454440599769315
44 42 6.1514801999231072e-05
75 42 4.6136101499423314e-05
76 42 0.00013840830449826988
77 42 0.00055363321799307942
78 42 0.00013840830449826991
79 42 4.6136101499423307e-05
7 43 0.00013840830449826988
8 43 0.0001845444059976932
9 43 0.00013840830449826996
42 43 0.00018454440599769315
43 43 0.00024605920799692429
44 43 0.00018454440599769334
77 43 0.00013840830449826991
78 43 0.00018454440599769323
79 43 0.00013840830449826999
7 44 4.61361014994233e-05
8 44 0.00013840830449826996
9 44 0.00055363321799307974
10 44 0.00013840830449826991
11 44 4.6136101499423314e-05
42 44 6.1514801999231072e-05
43 44 0.00018454440599769334
44 44 0.00073817762399077281
45 44 0.00018454440599769323
46 44 6.1514801999231112e-05
77 44 4.6136101499423307e-05
78 44 0.00013840830449826999
79 44 0.00055363321799307952
80 44 0.00013840830449826994
81 44 4.6136101499423334e-05
9 45 0.00013840830449826991
10 45 0.00018454440599769326
11 45 0.00013840830449826988
44 45 0.00018454440599769323
45 45 0.00024605920799692445
46 45 0.0001845444059976932
79 45 0.00013840830449826994
80 45 0.00018454440599769331
81 45 0.00013840830449826988
9 46 4.6136101499423314e-05
10 46 0.00013840830449826988
11 46 0.00055363321799307985
12 46 0.00013840830449826988
13 46 4.6136101499423246e-05
44 46 6.1514801999231112e-05
45 46 0.0001845444059976932
46 46 0.00073817762399077281
47 46 0.00018454440599769309
48 46 6.1514801999230977e-05
79 46 4.6136101499423334e-05
80 46 0.00013840830449826988
81 46 0.00055363321799307963
82 46 0.00013840830449826988
83 46 4.6136101499423246e-05
11 47 0.00013840830449826988
12 47 0.00018454440599769298
13 47 0.00013840830449826988
46 47 0.00018454440599769309
47 47 0.00024605920799692396
48 47 0.0001845444059976932
81 47 0.00013840830449826988
82 47 0.00018454440599769298
83 47 0.00013840830449826991
11 48 4.6136101499423246e-05
12 48 0.00013840830449826988
13 48 0.00055363321799307963
14 48 0.00013840830449826985
15 48 4.6136101499423253e-05
46 48 6.1514801999230977e-05
47 48 0.0001845444059976932
48 48 0.0007381776239907727
49 48 0.00018454440599769307
50 48 6.151480199923099e-05
81 48 4.6136101499423246e-05
82 48 0.00013840830449826991
83 48 0.00055363321799307942
84 48 0.00013840830449826985
85 48 4.613610149942326e-05
13 49 0.00013840830449826983
14 49 0.00018454440599769301
15 49 0.00013840830449827004
48 49 0.00018454440599769307
49 49 0.00024605920799692402
50 49 0.00018454440599769339
83 49 0.00013840830449826991
84 49 0.00018454440599769304
85 49 0.0001384083044982701
13 50 4.6136101499423253e-05
14 50 0.00013840830449827007
15 50 0.00055363321799307931
16 50 0.00013840830449826994
17 50 4.6136101499423348e-05
48 50 6.151480199923099e-05
49 50 0.00018454440599769339
50 50 0.00073817762399077259
51 50 0.00018454440599769323
52 50 6.1514801999231153e-05
83 50 4.613610149942326e-05
84 50 0.00013840830449827007
85 50 0.00055363321799307931
86 50 0.00013840830449826996
87 50 4.6136101499423361e-05
15 51 0.00013840830449826994
16 51 0.00018454440599769336
17 51 0.00013840830449826994
50 51 0.00018454440599769323
51 51 0.00024605920799692456
52 51 0.00018454440599769326
85 51 0.00013840830449826996
86 51 0.00018454440599769345
87 51 0.00013840830449826994
15 52 4.6136101499423341e-05
16 52 0.00013840830449826994
17 52 0.00055363321799308007
18 52 0.00013840830449826985
19 52 4.6136101499423253e-05
50 52 6.1514801999231139e-05
51 52 0.00018454440599769326
52 52 0.00073817762399077335
53 52 0.00018454440599769307
54 52 6.151480199923099e-05
85 52 4.6136101499423361e-05
86 52 0.00013840830449826994
87 52 0.00055363321799307985
88 52 0.00013840830449826985
89 52 4.613610149942326e-05
17 53 0.00013840830449826983
18 53 0.00018454440599769301
19 53 0.00013840830449827004
52 53 0.00018454440599769307
53 53 0.00024605920799692402
54 53 0.00018454440599769339
87 53 0.00013840830449826991
88 53 0.00018454440599769304
89 53 0.0001384083044982701
17 54 4.6136101499423253e-05
18 54 0.00013840830449827007
19 54 0.00055363321799307931
20 54 0.00013840830449826969
21 54 4.6136101499423328e-05
52 54 6.151480199923099e-05
53 54 0.00018454440599769339
54 54 0.00073817762399077248
55 54 0.00018454440599769285
56 54 6.1514801999231099e-05
87 54 4.613610149942326e-05
88 54 0.00013840830449827007
89 54 0.0005536332179930792
90 54 0.00013840830449826969
91 54 4.6136101499423341e-05
19 55 0.00013840830449826966
20 55 0.00018454440599769331
21 55 0.00013840830449826975
54 55 0.00018454440599769285
55 55 0.00024605920799692445
56 55 0.00018454440599769298
89 55 0.00013840830449826969
90 55 0.00018454440599769334
91 55 0.00013840830449826977
19 56 4.6136101499423328e-05
20 56 0.00013840830449826975
21 56 0.00055363321799308061
22 56 0.00013840830449827007
23 56 4.613610149942326e-05
54 56 6.1514801999231099e-05
55 56 0.00018454440599769298
56 56 0.00073817762399077389
57 56 0.00018454440599769339
58 56 6.1514801999231004e-05
89 56 4.6136101499423341e-05
90 56 0.00013840830449826975
91 56 0.00055363321799308039
92 56 0.00013840830449827007
93 56 4.6136101499423273e-05
21 57 0.00013840830449827007
22 57 0.00018454440599769307
23 57 0.00013840830449827007
56 57 0.00018454440599769339
57 57 0.00024605920799692407
58 57 0.00018454440599769339
91 57 0.00013840830449827012
92 57 0.00018454440599769309
93 57 0.0001384083044982701
21 58 4.6136101499423267e-05
22 58 0.00013840830449827007
23 58 0.00055363321799307942
24 58 0.00013840830449826928
25 58 4.6136101499423226e-05
56 58 6.1514801999231004e-05
57 58 0.00018454440599769339
58 58 0.00073817762399077259
59 58 0.00018454440599769228
60 58 6.1514801999230963e-05
91 58 4.6136101499423273e-05
92 58 0.00013840830449827007
93 58 0.0005536332179930792
94 58 0.00013840830449826928
95 58 4.6136101499423226e-05
23 59 0.00013840830449826928
24 59 0.00018454440599769288
25 59 0.0001384083044982701
58 59 0.00018454440599769228
59 59 0.0002460592079969238
60 59 0.00018454440599769345
93 59 0.00013840830449826926
94 59 0.00018454440599769288
95 59 0.0001384083044982701
23 60 4.6136101499423226e-05
24 60 0.00013840830449827007
25 60 0.00055363321799307996
26 60 0.00013840830449826964
27 60 4.6136101499423239e-05
58 60 6.1514801999230963e-05
59 60 0.00018454440599769345
60 60 0.00073817762399077302
61 60 0.0001845444059976928
62 60 6.1514801999230963e-05
93 60 4.6136101499423226e-05
94 60 0.0001384083044982701
95 60 0.00055363321799307974
96 60 0.00013840830449826964
97 60 4.6136101499423246e-05
25 61 0.00013840830449826961
26 61 0.00018454440599769296
27 61 0.00013840830449827004
60 61 0.0001845444059976928
61 61 0.00024605920799692396
62 61 0.00018454440599769339
95 61 0.00013840830449826964
96 61 0.00018454440599769298
97 61 0.0001384083044982701
25 62 4.6136101499423239e-05
26 62 0.00013840830449827004
27 62 0.00055363321799307942
28 62 0.00013840830449827007
29 62 4.613610149942326e-05
60 62 6.1514801999230963e-05
61 62 0.00018454440599769339
62 62 0.00073817762399077248
63 62 0.00018454440599769339
64 62 6.1514801999231004e-05
95 62 4.6136101499423246e-05
96 62 0.00013840830449827007
97 62 0.0005536332179930792
98 62 0.00013840830449827007
99 62 4.6136101499423273e-05
27 63 0.00013840830449827007
28 63 0.00018454440599769307
29 63 0.00013840830449827007
62 63 0.00018454440599769339
63 63 0.00024605920799692407
64 63 0.00018454440599769339
97 63 0.00013840830449827012
98 63 0.00018454440599769309
99 63 0.0001384083044982701
27 64 4.6136101499423267e-05
28 64 0.00013840830449827007
29 64 0.0005536332179930805
30 64 0.00013840830449826964
31 64 4.6136101499423239e-05
62 64 6.1514801999231004e-05
63 64 0.00018454440599769339
64 64 0.00073817762399077389
65 64 0.0001845444059976928
66 64 6.1514801999230963e-05
97 64 4.6136101499423273e-05
98 64 0.00013840830449827007
99 64 0.00055363321799308028
100 64 0.00013840830449826964
101 64 4.6136101499423246e-05
29 65 0.00013840830449826961
30 65 0.00018454440599769296
31 65 0.00013840830449827004
64 65 0.0001845444059976928
65 65 0.00024605920799692396
66 65 0.00018454440599769339
99 65 0.00013840830449826964
100 65 0.00018454440599769298
101 65 0.0001384083044982701
29 66 4.6136101499423239e-05
30 66 0.00013840830449827004
31 66 0.00055363321799307931
32 66 0.00013840830449826969
33 66 4.6136101499423355e-05
64 66 6.1514801999230963e-05
65 66 0.00018454440599769339
66 66 0.00073817762399077248
67 66 0.00018454440599769285
68 66 6.1514801999231126e-05
99 66 4.6136101499423246e-05
100 66 0.00013840830449827007
101 66 0.0005536332179930792
102 66 0.00013840830449826969
103 66 4.6136101499423368e-05
31 67 0.00013840830449826966
32 67 0.00018454440599769342
33 67 0.00013840830449827021
66 67 0.00018454440599769285
67 67 0.00024605920799692456
68 67 0.00018454440599769358
101 67 0.00013840830449826969
102 67 0.00018454440599769345
103 67 0.00013840830449827023
31 68 4.6136101499423355e-05
32 68 0.00013840830449827021
33 68 0.00055363321799307942
34 68 0.00013840830449827007
35 68 4.613610149942326e-05
66 68 6.1514801999231126e-05
67 68 0.00018454440599769358
68 68 0.00073817762399077248
69 68 0.00018454440599769339
70 68 6.1514801999231004e-05
101 68 4.6136101499423368e-05
102 68 0.00013840830449827021
103 68 0.00055363321799307931
104 68 0.00013840830449827007
105 68 4.6136101499423273e-05
33 69 0.00013840830449827007
34 69 0.00018454440599769307
35 69 0.00013840830449827007
68 69 0.00018454440599769339
69 69 0.00024605920799692407
70 69 0.00018454440599769339
103 69 0.00013840830449827012
104 69 0.00018454440599769309
105 69 0.0001384083044982701
33 70 4.6136101499423267e-05
34 70 0.00013840830449827007
35 70 0.00027681660899653971
68 70 6.1514801999231004e-05
69 70 0.00018454440599769339
70 70 0.00036908881199538629
103 70 4.6136101499423273e-05
104 70 0.00013840830449827007
105 70 0.00027681660899653965
1 71 9.2272202998846547e-05
2 71 4.6136101499423287e-05
3 71 1.5378700499807768e-05
36 71 0.00027681660899653971
37 71 0.00013840830449826996
38 71 4.6136101499423314e-05
71 71 0.0011072664359861584
72 71 0.00055363321799307952
73 71 0.00018454440599769309
106 71 0.00027681660899653982
107 71 0.00013840830449826996
108 71 4.6136101499423314e-05
141 71 9.2272202998846547e-05
142 71 4.6136101499423287e-05
143 71 1.5378700499807768e-05
1 72 4.6136101499423287e-05
2 72 6.1514801999231072e-05
3 72 4.6136101499423314e-05
36 72 0.00013840830449826994
37 72 0.00018454440599769328
38 72 0.00013840830449826994
71 72 0.00055363321799307952
72 72 0.00073817762399077248
73 72 0.00055363321799307942
106 72 0.00013840830449826996
107 72 0.00018454440599769328
108 72 0.00013840830449826996
141 72 4.6136101499423287e-05
142 72 6.1514801999231072e-05
143 72 4.6136101499423314e-05
1 73 1.5378700499807768e-05
2 73 4.6136101499423314e-05
3 73 0.00018454440599769315
4 73 4.6136101499423307e-05
5 73 1.5378700499807768e-05
36 73 4.6136101499423314e-05
37 73 0.00013840830449826994
38 73 0.00055363321799307942
39 73 0.00013840830449826996
40 73 4.6136101499423314e-05
71 73 0.00018454440599769309
72 73 0.00055363321799307942
73 73 0.0022145328719723177
74 73 0.00055363321799307963
75 73 0.00018454440599769309
106 73 4.6136101499423314e-05
107 73 0.00013840830449826994
108 73 0.00055363321799307963
109 73 0.00013840830449826999
110 73 4.6136101499423314e-05
141 73 1.5378700499807768e-05
142 73 4.6136101499423314e-05
143 73 0.00018454440599769315
144 73 4.6136101499423307e-05
145 73 1.5378700499807768e-05
3 74 4.6136101499423307e-05
4 74 6.1514801999231072e-05
5 74 4.6136101499423307e-05
38 74 0.00013840830449826999
39 74 0.00018454440599769328
40 74 0.00013840830449826991
73 74 0.00055363321799307963
74 74 0.00073817762399077259
75 74 0.00055363321799307942
108 74 0.00013840830449826999
109 74 0.00018454440599769328
110 74 0.00013840830449826994
143 74 4.6136101499423307e-05
144 74 6.1514801999231072e-05
145 74 4.6136101499423307e-05
3 75 1.5378700499807768e-05
4 75 4.6136101499423307e-05
5 75 0.00018454440599769315
6 75 4.61361014994233e-05
7 75 1.5378700499807765e-05
38 75 4.6136101499423314e-05
39 75 0.00013840830449826991
40 75 0.00055363321799307931
41 75 0.00013840830449826999
42 75 4.6136101499423314e-05
73 75 0.00018454440599769312
74 75 0.00055363321799307942
75 75 0.0022145328719723172
76 75 0.00055363321799307963
77 75 0.00018454440599769309
108 75 4.6136101499423314e-05
109 75 0.00013840830449826991
110 75 0.00055363321799307952
111 75 0.00013840830449826996
112 75 4.6136101499423307e-05
143 75 1.5378700499807768e-05
144 75 4.61361014994233e-05
145 75 0.00018454440599769312
146 75 4.61361014994233e-05
147 75 1.5378700499807765e-05
5 76 4.61361014994233e-05
6 76 6.1514801999231058e-05
7 76 4.61361014994233e-05
40 76 0.00013840830449826999
41 76 0.00018454440599769323
42 76 0.00013840830449826991
75 76 0.00055363321799307963
76 76 0.00073817762399077237
77 76 0.00055363321799307931
110 76 0.00013840830449826999
111 76 0.00018454440599769323
112 76 0.00013840830449826994
145 76 4.61361014994233e-05
146 76 6.1514801999231058e-05
147 76 4.6136101499423307e-05
5 77 1.5378700499807765e-05
6 77 4.61361014994233e-05
7 77 0.00018454440599769315
8 77 4.6136101499423287e-05
9 77 1.5378700499807768e-05
40 77 4.6136101499423314e-05
41 77 0.00013840830449826991
42 77 0.00055363321799307942
43 77 0.00013840830449826991
44 77 4.6136101499423307e-05
75 77 0.00018454440599769309
76 77 0.00055363321799307931
77 77 0.0022145328719723164
78 77 0.00055363321799307942
79 77 0.00018454440599769309
110 77 4.6136101499423307e-05
111 77 0.00013840830449826994
112 77 0.00055363321799307963
113 77 0.00013840830449826991
114 77 4.6136101499423307e-05
145 77 1.5378700499807765e-05
146 77 4.61361014994233e-05
147 77 0.00018454440599769312
148 77 4.6136101499423287e-05
149 77 1.5378700499807768e-05
7 78 4.6136101499423287e-05
8 78 6.1514801999231072e-05
9 78 4.6136101499423328e-05
42 78 0.00013840830449826991
43 78 0.00018454440599769323
44 78 0.00013840830449826999
77 78 0.00055363321799307942
78 78 0.00073817762399077237
79 78 0.00055363321799307952
112 78 0.00013840830449826991
113 78 0.00018454440599769323
114 78 0.00013840830449826999
147 78 4.6136101499423287e-05
148 78 6.1514801999231072e-05
149 78 4.6136101499423328e-05
7 79 1.5378700499807768e-05
8 79 4.6136101499423328e-05
9 79 0.0001845444059976932
10 79 4.6136101499423307e-05
11 79 1.5378700499807775e-05
42 79 4.6136101499423307e-05
43 79 0.00013840830449826999
44 79 0.00055363321799307952
45 79 0.00013840830449826994
46 79 4.6136101499423334e-05
77 79 0.00018454440599769309
78 79 0.00055363321799307952
79 79 0.0022145328719723172
80 79 0.00055363321799307952
81 79 0.0001845444059976932
112 79 4.6136101499423314e-05
113 79 0.00013840830449826999
114 79 0.00055363321799307974
115 79 0.00013840830449826994
116 79 4.6136101499423334e-05
147 79 1.5378700499807768e-05
148 79 4.6136101499423328e-05
149 79 0.0001845444059976932
150 79 4.6136101499423307e-05
151 79 1.5378700499807775e-05
9 80 4.6136101499423307e-05
10 80 6.1514801999231099e-05
11 80 4.61361014994233e-05
44 80 0.00013840830449826994
45 80 0.00018454440599769331
46 80 0.00013840830449826988
79 80 0.00055363321799307952
80 80 0.00073817762399077281
81 80 0.00055363321799307931
114 80 0.00013840830449826996
115 80 0.00018454440599769334
116 80 0.00013840830449826991
149 80 4.6136101499423307e-05
150 80 6.1514801999231112e-05
151 80 4.61361014994233e-05
9 81 1.5378700499807778e-05
10 81 4.61361014994233e-05
11 81 0.0001845444059976932
12 81 4.6136101499423267e-05
13 81 1.5378700499807744e-05
44 81 4.6136101499423334e-05
45 81 0.00013840830449826988
46 81 0.00055363321799307974
47 81 0.00013840830449826988
48 81 4.6136101499423246e-05
79 81 0.0001845444059976932
80 81 0.00055363321799307931
81 81 0.0022145328719723181
82 81 0.0005536332179930792
83 81 0.0001845444059976929
114 81 4.6136101499423348e-05
115 81 0.00013840830449826991
116 81 0.00055363321799307996
117 81 0.00013840830449826991
118 81 4.6136101499423253e-05
149 81 1.5378700499807775e-05
150 81 4.61361014994233e-05
151 81 0.0001845444059976932
152 81 4.6136101499423273e-05
153 81 1.5378700499807744e-05
11 82 4.6136101499423267e-05
12 82 6.1514801999230977e-05
13 82 4.6136101499423294e-05
46 82 0.00013840830449826988
47 82 0.00018454440599769298
48 82 0.00013840830449826991
81 82 0.00055363321799307931
82 82 0.0007381776239907714
83 82 0.00055363321799307931
116 82 0.00013840830449826991
117 82 0.00018454440599769301
118 82 0.00013840830449826994
151 82 4.6136101499423273e-05
152 82 6.1514801999230977e-05
153 82 4.61361014994233e-05
11 83 1.5378700499807744e-05
12 83 4.6136101499423294e-05
13 83 0.00018454440599769317
14 83 4.6136101499423267e-05
15 83 1.5378700499807748e-05
46 83 4.6136101499423246e-05
47 83 0.00013840830449826991
48 83 0.00055363321799307942
49 83 0.00013840830449826991
50 83 4.613610149942326e-05
81 83 0.0001845444059976929
82 83 0.0005536332179930792
83 83 0.0022145328719723164
84 83 0.00055363321799307909
85 83 0.0001845444059976929
116 83 4.6136101499423246e-05
117 83 0.00013840830449826994
118 83 0.00055363321799307974
119 83 0.00013840830449826991
120 83 4.613610149942326e-05
151 83 1.5378700499807744e-05
152 83 4.6136101499423294e-05
153 83 0.00018454440599769317
154 83 4.6136101499423267e-05
155 83 1.5378700499807748e-05
13 84 4.6136101499423267e-05
14 84 6.1514801999231004e-05
15 84 4.6136101499423348e-05
48 84 0.00013840830449826991
49 84 0.00018454440599769304
50 84 0.0001384083044982701
83 84 0.00055363321799307909
84 84 0.00073817762399077172
85 84 0.00055363321799307985
118 84 0.00013840830449826991
119 84 0.00018454440599769307
120 84 0.0001384083044982701
153 84 4.6136101499423267e-05
154 84 6.1514801999231004e-05
155 84 4.6136101499423348e-05
13 85 1.5378700499807748e-05
14 85 4.6136101499423348e-05
15 85 0.00018454440599769312
16 85 4.6136101499423307e-05
17 85 1.5378700499807788e-05
48 85 4.613610149942326e-05
49 85 0.0001384083044982701
50 85 0.00055363321799307942
51 85 0.00013840830449826996
52 85 4.6136101499423361e-05
83 85 0.0001845444059976929
84 85 0.00055363321799307985
85 85 0.0022145328719723159
86 85 0.00055363321799307963
87 85 0.00018454440599769334
118 85 4.613610149942326e-05
119 85 0.00013840830449827007
120 85 0.00055363321799307942
121 85 0.00013840830449826999
122 85 4.6136101499423375e-05
153 85 1.5378700499807748e-05
154 85 4.6136101499423348e-05
155 85 0.00018454440599769312
156 85 4.6136101499423307e-05
157 85 1.5378700499807788e-05
15 86 4.6136101499423307e-05
16 86 6.1514801999231139e-05
17 86 4.6136101499423314e-05
50 86 0.00013840830449826996
51 86 0.00018454440599769345
52 86 0.00013840830449826994
85 86 0.00055363321799307963
86 86 0.00073817762399077335
87 86 0.00055363321799307942
120 86 0.00013840830449826999
121 86 0.00018454440599769347
122 86 0.00013840830449826996
155 86 4.6136101499423307e-05
156 86 6.1514801999231139e-05
157 86 4.6136101499423314e-05
15 87 1.5378700499807788e-05
16 87 4.6136101499423314e-05
17 87 0.00018454440599769334
18 87 4.6136101499423267e-05
19 87 1.5378700499807748e-05
50 87 4.6136101499423361e-05
51 87 0.00013840830449826994
52 87 0.00055363321799307985
53 87 0.00013840830449826991
54 87 4.613610149942326e-05
85 87 0.00018454440599769334
86 87 0.00055363321799307942
87 87 0.0022145328719723181
88 87 0.00055363321799307909
89 87 0.0001845444059976929
120 87 4.6136101499423375e-05
121 87 0.00013840830449826996
122 87 0.00055363321799308017
123 87 0.00013840830449826991
124 87 4.613610149942326e-05
155 87 1.5378700499807788e-05
156 87 4.6136101499423314e-05
157 87 0.00018454440599769334
158 87 4.6136101499423267e-05
159 87 1.5378700499807748e-05
17 88 4.6136101499423267e-05
18 88 6.1514801999231004e-05
19 88 4.6136101499423348e-05
52 88 0.00013840830449826991
53 88 0.00018454440599769304
54 88 0.0001384083044982701
87 88 0.00055363321799307909
88 88 0.00073817762399077172
89 88 0.00055363321799307985
122 88 0.00013840830449826991
123 88 0.00018454440599769307
124 88 0.0001384083044982701
157 88 4.6136101499423267e-05
158 88 6.1514801999231004e-05
159 88 4.6136101499423348e-05
17 89 1.5378700499807748e-05
18 89 4.6136101499423348e-05
19 89 0.00018454440599769312
20 89 4.6136101499423212e-05
21 89 1.5378700499807775e-05
52 89 4.613610149942326e-05
53 89 0.0001384083044982701
54 89 0.0005536332179930792
55 89 0.00013840830449826969
56 89 4.6136101499423341e-05
87 89 0.0001845444059976929
88 89 0.00055363321799307985
89 89 0.0022145328719723155
90 89 0.00055363321799307822
91 89 0.00018454440599769326
122 89 4.613610149942326e-05
123 89 0.00013840830449827007
124 89 0.00055363321799307942
125 89 0.00013840830449826972
126 89 4.6136101499423334e-05
157 89 1.5378700499807748e-05
158 89 4.6136101499423348e-05
159 89 0.00018454440599769309
160 89 4.6136101499423212e-05
161 89 1.5378700499807775e-05
19 90 4.6136101499423212e-05
20 90 6.1514801999231112e-05
21 90 4.6136101499423246e-05
54 90 0.00013840830449826969
55 90 0.00018454440599769336
56 90 0.00013840830449826977
89 90 0.00055363321799307822
90 90 0.00073817762399077302
91 90 0.00055363321799307855
124 90 0.00013840830449826975
125 90 0.00018454440599769336
126 90 0.00013840830449826977
159 90 4.6136101499423212e-05
160 90 6.1514801999231112e-05
161 90 4.6136101499423246e-05
19 91 1.5378700499807775e-05
20 91 4.6136101499423246e-05
21 91 0.00018454440599769347
22 91 4.6136101499423348e-05
23 91 1.5378700499807751e-05
54 91 4.6136101499423341e-05
55 91 0.00013840830449826977
56 91 0.00055363321799308039
57 91 0.00013840830449827012
58 91 4.6136101499423273e-05
89 91 0.00018454440599769326
90 91 0.00055363321799307855
91 91 0.0022145328719723203
92 91 0.00055363321799307996
93 91 0.00018454440599769296
124 91 4.6136101499423334e-05
125 91 0.00013840830449826975
126 91 0.00055363321799308072
127 91 0.00013840830449827012
128 91 4.6136101499423273e-05
159 91 1.5378700499807775e-05
160 91 4.6136101499423246e-05
161 91 0.00018454440599769347
162 91 4.6136101499423348e-05
163 91 1.5378700499807751e-05
21 92 4.6136101499423348e-05
22 92 6.1514801999231018e-05
23 92 4.6136101499423348e-05
56 92 0.00013840830449827012
57 92 0.00018454440599769309
58 92 0.0001384083044982701
91 92 0.00055363321799307996
92 92 0.00073817762399077183
93 92 0.00055363321799307985
126 92 0.00013840830449827012
127 92 0.00018454440599769312
128 92 0.0001384083044982701
161 92 4.6136101499423348e-05
162 92 6.1514801999231018e-05
163 92 4.6136101499423348e-05
21 93 1.5378700499807751e-05
22 93 4.6136101499423348e-05
23 93 0.00018454440599769315
24 93 4.613610149942307e-05
25 93 1.5378700499807741e-05
56 93 4.6136101499423273e-05
57 93 0.0001384083044982701
58 93 0.00055363321799307931
59 93 0.00013840830449826926
60 93 4.6136101499423226e-05
91 93 0.00018454440599769296
92 93 0.00055363321799307985
93 93 0.0022145328719723168
94 93 0.0005536332179930766
95 93 0.0001845444059976928
126 93 4.6136101499423273e-05
127 93 0.00013840830449827007
128 93 0.00055363321799307952
129 93 0.00013840830449826931
130 93 4.6136101499423233e-05
161 93 1.5378700499807751e-05
162 93 4.6136101499423348e-05
163 93 0.00018454440599769312
164 93 4.613610149942307e-05
165 93 1.5378700499807741e-05
23 94 4.613610149942307e-05
24 94 6.151480199923095e-05
25 94 4.6136101499423355e-05
58 94 0.00013840830449826928
59 94 0.00018454440599769288
60 94 0.0001384083044982701
93 94 0.0005536332179930766
94 94 0.00073817762399077118
95 94 0.00055363321799307985
128 94 0.00013840830449826931
129 94 0.0001845444059976929
130 94 0.00013840830449827012
163 94 4.613610149942307e-05
164 94 6.151480199923095e-05
165 94 4.6136101499423355e-05
23 95 1.5378700499807741e-05
24 95 4.6136101499423355e-05
25 95 0.00018454440599769326
26 95 4.6136101499423199e-05
27 95 1.5378700499807741e-05
58 95 4.6136101499423226e-05
59 95 0.0001384083044982701
60 95 0.00055363321799307974
61 95 0.00013840830449826966
62 95 4.6136101499423246e-05
93 95 0.0001845444059976928
94 95 0.00055363321799307985
95 95 0.0022145328719723172
96 95 0.00055363321799307811
97 95 0.00018454440599769285
128 95 4.6136101499423233e-05
129 95 0.00013840830449827012
130 95 0.00055363321799308007
131 95 0.00013840830449826966
132 95 4.6136101499423246e-05
163 95 1.5378700499807741e-05
164 95 4.6136101499423355e-05
165 95 0.00018454440599769326
166 95 4.6136101499423199e-05
167 95 1.5378700499807741e-05
25 96 4.6136101499423192e-05
26 96 6.1514801999230977e-05
27 96 4.6136101499423348e-05
60 96 0.00013840830449826964
61 96 0.00018454440599769298
62 96 0.0001384083044982701
95 96 0.00055363321799307811
96 96 0.00073817762399077151
97 96 0.00055363321799307985
130 96 0.00013840830449826964
131 96 0.00018454440599769301
132 96 0.0001384083044982701
165 96 4.6136101499423199e-05
166 96 6.1514801999230977e-05
167 96 4.6136101499423348e-05
25 97 1.5378700499807741e-05
26 97 4.6136101499423348e-05
27 97 0.00018454440599769312
28 97 4.6136101499423348e-05
29 97 1.5378700499807751e-05
60 97 4.6136101499423246e-05
61 97 0.0001384083044982701
62 97 0.00055363321799307931
63 97 0.00013840830449827012
64 97 4.6136101499423273e-05
95 97 0.00018454440599769285
96 97 0.00055363321799307985
97 97 0.0022145328719723155
98 97 0.00055363321799307996
99 97 0.00018454440599769296
130 97 4.6136101499423246e-05
131 97 0.00013840830449827007
132 97 0.00055363321799307952
133 97 0.00013840830449827012
134 97 4.6136101499423273e-05
165 97 1.5378700499807741e-05
166 97 4.6136101499423348e-05
167 97 0.00018454440599769312
168 97 4.6136101499423348e-05
169 97 1.5378700499807751e-05
27 98 4.6136101499423348e-05
28 98 6.1514801999231018e-05
29 98 4.6136101499423348e-05
62 98 0.00013840830449827012
63 98 0.00018454440599769309
64 98 0.0001384083044982701
97 98 0.00055363321799307996
98 98 0.00073817762399077183
99 98 0.00055363321799307985
132 98 0.00013840830449827012
133 98 0.00018454440599769312
134 98 0.0001384083044982701
167 98 4.6136101499423348e-05
168 98 6.1514801999231018e-05
169 98 4.6136101499423348e-05
27 99 1.5378700499807751e-05
28 99 4.6136101499423348e-05
29 99 0.00018454440599769347
30 99 4.6136101499423199e-05
31 99 1.5378700499807741e-05
62 99 4.6136101499423273e-05
63 99 0.0001384083044982701
