# Created by Octave 5.2.0, Tue Oct 26 13:22:30 2021 CEST <omen@omen-linux>
# name: ans
# type: sparse matrix
# nnz: 1089
# rows: 81
# columns: 81
1 1 0.0099999999999999985
2 1 0.0049999999999999992
3 1 0.0016666666666666666
10 1 0.0049999999999999992
11 1 0.0025000000000000005
12 1 0.0008333333333333335
19 1 0.0016666666666666661
20 1 0.00083333333333333339
21 1 0.00027777777777777789
1 2 0.0050000000000000001
2 2 0.0066666666666666662
3 2 0.0050000000000000001
10 2 0.0025000000000000005
11 2 0.0033333333333333344
12 2 0.0025000000000000005
19 2 0.00083333333333333339
20 2 0.0011111111111111115
21 2 0.0008333333333333336
1 3 0.0016666666666666666
2 3 0.0050000000000000001
3 3 0.01999999999999999
4 3 0.0050000000000000001
5 3 0.0016666666666666666
10 3 0.0008333333333333335
11 3 0.0025000000000000005
12 3 0.0099999999999999933
13 3 0.0025000000000000009
14 3 0.0008333333333333335
19 3 0.00027777777777777789
20 3 0.0008333333333333336
21 3 0.0033333333333333331
22 3 0.00083333333333333339
23 3 0.00027777777777777789
3 4 0.0050000000000000001
4 4 0.0066666666666666662
5 4 0.0050000000000000001
12 4 0.0025000000000000009
13 4 0.0033333333333333344
14 4 0.0025000000000000005
21 4 0.00083333333333333339
22 4 0.0011111111111111115
23 4 0.0008333333333333336
3 5 0.0016666666666666666
4 5 0.0050000000000000001
5 5 0.019999999999999983
6 5 0.0049999999999999984
7 5 0.0016666666666666666
12 5 0.0008333333333333335
13 5 0.0025000000000000005
14 5 0.0099999999999999915
15 5 0.0025000000000000005
16 5 0.0008333333333333335
21 5 0.00027777777777777789
22 5 0.0008333333333333336
23 5 0.0033333333333333327
24 5 0.00083333333333333339
25 5 0.00027777777777777794
5 6 0.0049999999999999984
6 6 0.0066666666666666662
7 6 0.0050000000000000001
14 6 0.0025000000000000005
15 6 0.0033333333333333344
16 6 0.0025000000000000009
23 6 0.00083333333333333339
24 6 0.0011111111111111118
25 6 0.00083333333333333371
5 7 0.0016666666666666666
6 7 0.0050000000000000001
7 7 0.019999999999999997
8 7 0.0049999999999999966
9 7 0.0016666666666666672
14 7 0.0008333333333333335
15 7 0.0025000000000000009
16 7 0.0099999999999999985
17 7 0.0024999999999999988
18 7 0.00083333333333333393
23 7 0.00027777777777777789
24 7 0.00083333333333333371
25 7 0.0033333333333333348
26 7 0.00083333333333333306
27 7 0.00027777777777777799
7 8 0.0049999999999999966
8 8 0.0066666666666666688
9 8 0.005000000000000001
16 8 0.0024999999999999988
17 8 0.0033333333333333357
18 8 0.0025000000000000009
25 8 0.00083333333333333306
26 8 0.001111111111111112
27 8 0.00083333333333333371
7 9 0.0016666666666666672
8 9 0.005000000000000001
9 9 0.0099999999999999898
16 9 0.00083333333333333393
17 9 0.0025000000000000009
18 9 0.0049999999999999975
25 9 0.00027777777777777799
26 9 0.00083333333333333371
27 9 0.0016666666666666657
1 10 0.0049999999999999992
2 10 0.0025000000000000005
3 10 0.00083333333333333339
10 10 0.0066666666666666662
11 10 0.0033333333333333335
12 10 0.0011111111111111115
19 10 0.0050000000000000001
20 10 0.0025000000000000005
21 10 0.0008333333333333336
1 11 0.0025000000000000005
2 11 0.0033333333333333335
3 11 0.0025000000000000005
10 11 0.0033333333333333335
11 11 0.0044444444444444462
12 11 0.0033333333333333344
19 11 0.0025000000000000005
20 11 0.0033333333333333344
21 11 0.0025000000000000005
1 12 0.00083333333333333339
2 12 0.0025000000000000005
3 12 0.0099999999999999933
4 12 0.0025000000000000009
5 12 0.00083333333333333339
10 12 0.0011111111111111115
11 12 0.0033333333333333344
12 12 0.013333333333333332
13 12 0.0033333333333333344
14 12 0.0011111111111111115
19 12 0.0008333333333333336
20 12 0.0025000000000000005
21 12 0.009999999999999995
22 12 0.0025000000000000014
23 12 0.0008333333333333336
3 13 0.0025000000000000009
4 13 0.003333333333333334
5 13 0.0025000000000000005
12 13 0.0033333333333333344
13 13 0.0044444444444444462
14 13 0.0033333333333333344
21 13 0.0025000000000000014
22 13 0.0033333333333333344
23 13 0.0025000000000000005
3 14 0.0008333333333333335
4 14 0.0025000000000000005
5 14 0.0099999999999999915
6 14 0.0025000000000000005
7 14 0.0008333333333333335
12 14 0.0011111111111111115
13 14 0.0033333333333333344
14 14 0.013333333333333331
15 14 0.0033333333333333335
16 14 0.0011111111111111118
21 14 0.0008333333333333336
22 14 0.0025000000000000005
23 14 0.0099999999999999933
24 14 0.0025000000000000009
25 14 0.0008333333333333335
5 15 0.0025000000000000005
6 15 0.0033333333333333344
7 15 0.0025000000000000005
14 15 0.0033333333333333335
15 15 0.004444444444444447
16 15 0.0033333333333333348
23 15 0.0025000000000000009
24 15 0.0033333333333333344
25 15 0.0025000000000000009
5 16 0.0008333333333333335
6 16 0.0025000000000000009
7 16 0.0099999999999999985
8 16 0.0024999999999999988
9 16 0.00083333333333333393
14 16 0.0011111111111111118
15 16 0.0033333333333333348
16 16 0.013333333333333339
17 16 0.0033333333333333322
18 16 0.001111111111111112
23 16 0.0008333333333333335
24 16 0.0025000000000000014
25 16 0.0099999999999999985
26 16 0.0025000000000000001
27 16 0.00083333333333333404
7 17 0.0024999999999999988
8 17 0.0033333333333333357
9 17 0.0025000000000000009
16 17 0.0033333333333333322
17 17 0.0044444444444444479
18 17 0.0033333333333333348
25 17 0.0024999999999999992
26 17 0.0033333333333333361
27 17 0.0025000000000000009
7 18 0.00083333333333333393
8 18 0.0025000000000000009
9 18 0.0049999999999999975
16 18 0.001111111111111112
17 18 0.0033333333333333348
18 18 0.0066666666666666628
25 18 0.00083333333333333404
26 18 0.0025000000000000009
27 18 0.0049999999999999984
1 19 0.0016666666666666661
2 19 0.00083333333333333339
3 19 0.00027777777777777789
10 19 0.0050000000000000001
11 19 0.0025000000000000005
12 19 0.0008333333333333336
19 19 0.019999999999999993
20 19 0.0099999999999999967
21 19 0.0033333333333333331
28 19 0.0050000000000000001
29 19 0.0025000000000000009
30 19 0.00083333333333333371
37 19 0.0016666666666666666
38 19 0.00083333333333333339
39 19 0.00027777777777777789
1 20 0.00083333333333333339
2 20 0.0011111111111111115
3 20 0.0008333333333333336
10 20 0.0025000000000000005
11 20 0.0033333333333333344
12 20 0.0025000000000000005
19 20 0.0099999999999999967
20 20 0.013333333333333332
21 20 0.0099999999999999967
28 20 0.0025000000000000005
29 20 0.0033333333333333348
30 20 0.0025000000000000009
37 20 0.00083333333333333339
38 20 0.0011111111111111115
39 20 0.0008333333333333336
1 21 0.00027777777777777789
2 21 0.0008333333333333336
3 21 0.0033333333333333331
4 21 0.00083333333333333339
5 21 0.00027777777777777789
10 21 0.0008333333333333336
11 21 0.0025000000000000005
12 21 0.009999999999999995
13 21 0.0025000000000000014
14 21 0.0008333333333333336
19 21 0.0033333333333333327
20 21 0.0099999999999999967
21 21 0.039999999999999966
22 21 0.0099999999999999985
23 21 0.0033333333333333331
28 21 0.00083333333333333371
29 21 0.0025000000000000009
30 21 0.0099999999999999933
31 21 0.0025000000000000009
32 21 0.00083333333333333371
37 21 0.00027777777777777789
38 21 0.0008333333333333336
39 21 0.0033333333333333331
40 21 0.0008333333333333336
41 21 0.00027777777777777789
3 22 0.00083333333333333339
4 22 0.0011111111111111115
5 22 0.0008333333333333336
12 22 0.0025000000000000014
13 22 0.0033333333333333344
14 22 0.0025000000000000005
21 22 0.01
22 22 0.013333333333333334
23 22 0.0099999999999999967
30 22 0.0025000000000000009
31 22 0.0033333333333333348
32 22 0.0025000000000000009
39 22 0.0008333333333333336
40 22 0.0011111111111111115
41 22 0.0008333333333333336
3 23 0.00027777777777777789
4 23 0.0008333333333333336
5 23 0.0033333333333333327
6 23 0.00083333333333333339
7 23 0.00027777777777777789
12 23 0.0008333333333333336
13 23 0.0025000000000000005
14 23 0.0099999999999999915
15 23 0.0025000000000000009
16 23 0.0008333333333333335
21 23 0.0033333333333333327
22 23 0.0099999999999999967
23 23 0.039999999999999959
24 23 0.0099999999999999985
25 23 0.0033333333333333322
30 23 0.00083333333333333371
31 23 0.0025000000000000009
32 23 0.0099999999999999915
