# Created by Octave 5.2.0, Tue Oct 26 13:21:45 2021 CEST <omen@omen-linux>
# name: ans
# type: sparse matrix
# nnz: 289
# rows: 25
# columns: 25
1 1 0.039999999999999994
2 1 0.019999999999999997
3 1 0.0066666666666666662
6 1 0.019999999999999997
7 1 0.010000000000000002
8 1 0.003333333333333334
11 1 0.0066666666666666645
12 1 0.0033333333333333335
13 1 0.0011111111111111115
1 2 0.02
2 2 0.026666666666666665
3 2 0.02
6 2 0.010000000000000002
7 2 0.013333333333333338
8 2 0.010000000000000002
11 2 0.0033333333333333335
12 2 0.0044444444444444462
13 2 0.0033333333333333344
1 3 0.0066666666666666662
2 3 0.02
3 3 0.07999999999999996
4 3 0.02
5 3 0.0066666666666666662
6 3 0.003333333333333334
7 3 0.010000000000000002
8 3 0.039999999999999973
9 3 0.010000000000000004
10 3 0.003333333333333334
11 3 0.0011111111111111115
12 3 0.0033333333333333344
13 3 0.013333333333333332
14 3 0.0033333333333333335
15 3 0.0011111111111111115
3 4 0.02
4 4 0.026666666666666665
5 4 0.02
8 4 0.010000000000000004
9 4 0.013333333333333338
10 4 0.010000000000000002
13 4 0.0033333333333333335
14 4 0.0044444444444444462
15 4 0.0033333333333333344
3 5 0.0066666666666666662
4 5 0.02
5 5 0.039999999999999973
8 5 0.003333333333333334
9 5 0.010000000000000002
10 5 0.019999999999999997
13 5 0.0011111111111111115
14 5 0.0033333333333333344
15 5 0.0066666666666666662
1 6 0.019999999999999997
2 6 0.010000000000000002
3 6 0.0033333333333333335
6 6 0.026666666666666665
7 6 0.013333333333333334
8 6 0.0044444444444444462
11 6 0.02
12 6 0.010000000000000002
13 6 0.0033333333333333344
1 7 0.010000000000000002
2 7 0.013333333333333334
3 7 0.010000000000000002
6 7 0.013333333333333334
7 7 0.017777777777777785
8 7 0.013333333333333338
11 7 0.010000000000000002
12 7 0.013333333333333338
13 7 0.010000000000000002
1 8 0.0033333333333333335
2 8 0.010000000000000002
3 8 0.039999999999999973
4 8 0.010000000000000004
5 8 0.0033333333333333335
6 8 0.0044444444444444462
7 8 0.013333333333333338
8 8 0.05333333333333333
9 8 0.013333333333333338
10 8 0.0044444444444444462
11 8 0.0033333333333333344
12 8 0.010000000000000002
13 8 0.03999999999999998
14 8 0.010000000000000005
15 8 0.0033333333333333344
3 9 0.010000000000000004
4 9 0.013333333333333336
5 9 0.010000000000000002
8 9 0.013333333333333338
9 9 0.017777777777777785
10 9 0.013333333333333338
13 9 0.010000000000000005
14 9 0.013333333333333338
15 9 0.010000000000000002
3 10 0.003333333333333334
4 10 0.010000000000000002
5 10 0.019999999999999997
8 10 0.0044444444444444462
9 10 0.013333333333333338
10 10 0.026666666666666665
13 10 0.0033333333333333344
14 10 0.010000000000000002
15 10 0.02
1 11 0.0066666666666666645
2 11 0.0033333333333333335
3 11 0.0011111111111111115
6 11 0.02
7 11 0.010000000000000002
8 11 0.0033333333333333344
11 11 0.079999999999999974
12 11 0.039999999999999987
13 11 0.013333333333333332
16 11 0.02
17 11 0.010000000000000004
18 11 0.0033333333333333348
21 11 0.0066666666666666662
22 11 0.0033333333333333335
23 11 0.0011111111111111115
1 12 0.0033333333333333335
2 12 0.0044444444444444462
3 12 0.0033333333333333344
6 12 0.010000000000000002
7 12 0.013333333333333338
8 12 0.010000000000000002
11 12 0.039999999999999987
12 12 0.05333333333333333
13 12 0.039999999999999987
16 12 0.010000000000000002
17 12 0.013333333333333339
18 12 0.010000000000000004
21 12 0.0033333333333333335
22 12 0.0044444444444444462
23 12 0.0033333333333333344
1 13 0.0011111111111111115
2 13 0.0033333333333333344
3 13 0.013333333333333332
4 13 0.0033333333333333335
5 13 0.0011111111111111115
6 13 0.0033333333333333344
7 13 0.010000000000000002
8 13 0.03999999999999998
9 13 0.010000000000000005
10 13 0.0033333333333333344
11 13 0.013333333333333331
12 13 0.039999999999999987
13 13 0.15999999999999986
14 13 0.039999999999999994
15 13 0.013333333333333332
16 13 0.0033333333333333348
17 13 0.010000000000000004
18 13 0.039999999999999973
19 13 0.010000000000000004
20 13 0.0033333333333333348
21 13 0.0011111111111111115
22 13 0.0033333333333333344
23 13 0.013333333333333332
24 13 0.0033333333333333344
25 13 0.0011111111111111115
3 14 0.0033333333333333335
4 14 0.0044444444444444462
5 14 0.0033333333333333344
8 14 0.010000000000000005
9 14 0.013333333333333338
10 14 0.010000000000000002
13 14 0.040000000000000001
14 14 0.053333333333333337
15 14 0.039999999999999987
18 14 0.010000000000000004
19 14 0.013333333333333339
20 14 0.010000000000000004
23 14 0.0033333333333333344
24 14 0.0044444444444444462
25 14 0.0033333333333333344
3 15 0.0011111111111111115
4 15 0.0033333333333333344
5 15 0.0066666666666666662
8 15 0.0033333333333333344
9 15 0.010000000000000002
10 15 0.019999999999999997
13 15 0.013333333333333331
14 15 0.039999999999999987
15 15 0.07999999999999996
18 15 0.0033333333333333348
19 15 0.010000000000000004
20 15 0.02
23 15 0.0011111111111111115
24 15 0.0033333333333333344
25 15 0.0066666666666666662
11 16 0.02
12 16 0.010000000000000004
13 16 0.0033333333333333348
16 16 0.026666666666666665
17 16 0.013333333333333338
18 16 0.0044444444444444462
21 16 0.02
22 16 0.010000000000000002
23 16 0.0033333333333333344
11 17 0.010000000000000004
12 17 0.013333333333333339
13 17 0.010000000000000004
16 17 0.013333333333333338
17 17 0.017777777777777785
18 17 0.013333333333333338
21 17 0.010000000000000002
22 17 0.013333333333333338
23 17 0.010000000000000002
11 18 0.0033333333333333348
12 18 0.010000000000000004
13 18 0.03999999999999998
14 18 0.010000000000000004
15 18 0.0033333333333333348
16 18 0.0044444444444444462
17 18 0.013333333333333338
18 18 0.05333333333333333
19 18 0.013333333333333338
20 18 0.0044444444444444462
21 18 0.0033333333333333344
22 18 0.010000000000000002
23 18 0.03999999999999998
24 18 0.010000000000000005
25 18 0.0033333333333333344
13 19 0.010000000000000004
14 19 0.013333333333333339
15 19 0.010000000000000004
18 19 0.013333333333333338
19 19 0.017777777777777785
20 19 0.013333333333333338
23 19 0.010000000000000005
24 19 0.013333333333333338
25 19 0.010000000000000002
13 20 0.0033333333333333348
14 20 0.010000000000000004
15 20 0.02
18 20 0.0044444444444444462
19 20 0.013333333333333338
20 20 0.026666666666666665
23 20 0.0033333333333333344
24 20 0.010000000000000002
25 20 0.02
11 21 0.0066666666666666662
12 21 0.0033333333333333344
13 21 0.0011111111111111115
16 21 0.02
17 21 0.010000000000000002
18 21 0.0033333333333333344
21 21 0.039999999999999987
22 21 0.020000000000000004
23 21 0.0066666666666666654
11 22 0.0033333333333333344
12 22 0.0044444444444444462
13 22 0.0033333333333333344
16 22 0.010000000000000002
17 22 0.013333333333333338
18 22 0.010000000000000002
21 22 0.020000000000000004
22 22 0.026666666666666661
23 22 0.02
11 23 0.0011111111111111115
12 23 0.0033333333333333344
13 23 0.013333333333333332
14 23 0.0033333333333333344
15 23 0.0011111111111111115
16 23 0.0033333333333333344
17 23 0.010000000000000002
18 23 0.03999999999999998
19 23 0.010000000000000005
20 23 0.0033333333333333344
21 23 0.0066666666666666654
22 23 0.019999999999999997
23 23 0.07999999999999996
24 23 0.020000000000000007
25 23 0.0066666666666666654
13 24 0.0033333333333333344
14 24 0.0044444444444444462
15 24 0.0033333333333333344
18 24 0.010000000000000005
19 24 0.013333333333333338
20 24 0.010000000000000002
23 24 0.020000000000000007
24 24 0.026666666666666665
25 24 0.02
13 25 0.0011111111111111115
14 25 0.0033333333333333344
15 25 0.0066666666666666662
18 25 0.0033333333333333344
19 25 0.010000000000000002
20 25 0.019999999999999997
23 25 0.0066666666666666654
24 25 0.019999999999999997
25 25 0.03999999999999998


