# Created by Octave 5.2.0, Tue Oct 26 17:56:37 2021 CEST <omen@omen-linux>
# name: ans
# type: sparse matrix
# nnz: 7921
# rows: 529
# columns: 529
1 1 0.0013223140495867767
2 1 0.00066115702479338848
3 1 0.00022038567493112948
24 1 0.00066115702479338859
25 1 0.00033057851239669429
26 1 0.00011019283746556476
47 1 0.00022038567493112948
48 1 0.00011019283746556474
49 1 3.6730945821854928e-05
1 2 0.00066115702479338848
2 2 0.00088154269972451794
3 2 0.00066115702479338848
24 2 0.00033057851239669429
25 2 0.00044077134986225897
26 2 0.00033057851239669429
47 2 0.00011019283746556474
48 2 0.00014692378328741971
49 2 0.00011019283746556478
1 3 0.00022038567493112948
2 3 0.00066115702479338848
3 3 0.002644628099173553
4 3 0.00066115702479338837
5 3 0.00022038567493112946
24 3 0.00011019283746556474
25 3 0.00033057851239669429
26 3 0.0013223140495867763
27 3 0.00033057851239669419
28 3 0.00011019283746556474
47 3 3.6730945821854928e-05
48 3 0.00011019283746556478
49 3 0.00044077134986225908
50 3 0.00011019283746556471
51 3 3.6730945821854921e-05
3 4 0.00066115702479338837
4 4 0.00088154269972451783
5 4 0.00066115702479338848
26 4 0.00033057851239669413
27 4 0.00044077134986225891
28 4 0.00033057851239669429
49 4 0.00011019283746556471
50 4 0.00014692378328741968
51 4 0.00011019283746556476
3 5 0.00022038567493112946
4 5 0.00066115702479338848
5 5 0.0026446280991735526
6 5 0.00066115702479338804
7 5 0.00022038567493112938
26 5 0.00011019283746556473
27 5 0.00033057851239669429
28 5 0.0013223140495867761
29 5 0.00033057851239669397
30 5 0.00011019283746556469
49 5 3.6730945821854921e-05
50 5 0.00011019283746556477
51 5 0.00044077134986225886
52 5 0.00011019283746556466
53 5 3.6730945821854907e-05
5 6 0.00066115702479338804
6 6 0.0008815426997245175
7 6 0.00066115702479338859
28 6 0.00033057851239669397
29 6 0.0004407713498622588
30 6 0.00033057851239669429
51 6 0.00011019283746556466
52 6 0.00014692378328741963
53 6 0.00011019283746556476
5 7 0.00022038567493112938
6 7 0.00066115702479338859
7 7 0.0026446280991735539
8 7 0.00066115702479338826
9 7 0.00022038567493112948
28 7 0.00011019283746556469
29 7 0.00033057851239669435
30 7 0.0013223140495867767
31 7 0.00033057851239669413
32 7 0.00011019283746556477
51 7 3.6730945821854907e-05
52 7 0.00011019283746556476
53 7 0.00044077134986225918
54 7 0.00011019283746556473
55 7 3.6730945821854934e-05
7 8 0.00066115702479338826
8 8 0.00088154269972451804
9 8 0.00066115702479338902
30 8 0.00033057851239669413
31 8 0.00044077134986225902
32 8 0.00033057851239669456
53 8 0.00011019283746556473
54 8 0.00014692378328741974
55 8 0.00011019283746556484
7 9 0.00022038567493112951
8 9 0.00066115702479338902
9 9 0.0026446280991735552
10 9 0.00066115702479338837
11 9 0.00022038567493112967
30 9 0.00011019283746556477
31 9 0.00033057851239669456
32 9 0.0013223140495867776
33 9 0.00033057851239669424
34 9 0.00011019283746556486
53 9 3.6730945821854934e-05
54 9 0.00011019283746556484
55 9 0.0004407713498622594
56 9 0.00011019283746556477
57 9 3.6730945821854968e-05
9 10 0.00066115702479338837
10 10 0.00088154269972451869
11 10 0.00066115702479338902
32 10 0.00033057851239669424
33 10 0.0004407713498622594
34 10 0.00033057851239669456
55 10 0.00011019283746556477
56 10 0.00014692378328741985
57 10 0.00011019283746556484
9 11 0.00022038567493112967
10 11 0.00066115702479338902
11 11 0.0026446280991735517
12 11 0.0006611570247933875
13 11 0.00022038567493112924
32 11 0.00011019283746556486
33 11 0.00033057851239669456
34 11 0.0013223140495867763
35 11 0.00033057851239669381
36 11 0.00011019283746556462
55 11 3.6730945821854968e-05
56 11 0.00011019283746556484
57 11 0.00044077134986225875
58 11 0.00011019283746556459
59 11 3.6730945821854887e-05
11 12 0.00066115702479338761
12 12 0.00088154269972451696
13 12 0.00066115702479338815
34 12 0.00033057851239669381
35 12 0.00044077134986225848
36 12 0.00033057851239669413
57 12 0.00011019283746556459
58 12 0.00014692378328741955
59 12 0.0001101928374655647
11 13 0.00022038567493112921
12 13 0.00066115702479338815
13 13 0.0026446280991735522
14 13 0.00066115702479338826
15 13 0.00022038567493112965
34 13 0.00011019283746556462
35 13 0.00033057851239669413
36 13 0.0013223140495867767
37 13 0.00033057851239669413
38 13 0.00011019283746556484
57 13 3.6730945821854887e-05
58 13 0.0001101928374655647
59 13 0.00044077134986225897
60 13 0.00011019283746556471
61 13 3.6730945821854955e-05
13 14 0.00066115702479338826
14 14 0.00088154269972451859
15 14 0.0006611570247933887
36 14 0.00033057851239669413
37 14 0.00044077134986225935
38 14 0.00033057851239669435
59 14 0.00011019283746556471
60 14 0.00014692378328741985
61 14 0.00011019283746556477
13 15 0.00022038567493112965
14 15 0.0006611570247933887
15 15 0.0026446280991735574
16 15 0.00066115702479338696
17 15 0.00022038567493112938
36 15 0.00011019283746556484
37 15 0.00033057851239669435
38 15 0.0013223140495867789
39 15 0.00033057851239669348
40 15 0.00011019283746556467
59 15 3.6730945821854955e-05
60 15 0.00011019283746556477
61 15 0.00044077134986225967
62 15 0.00011019283746556451
63 15 3.67309458218549e-05
15 16 0.00066115702479338696
16 16 0.0008815426997245175
17 16 0.00066115702479339086
38 16 0.00033057851239669348
39 16 0.0004407713498622587
40 16 0.00033057851239669543
61 16 0.00011019283746556451
62 16 0.00014692378328741963
63 16 0.00011019283746556511
15 17 0.00022038567493112938
16 17 0.00066115702479339086
17 17 0.0026446280991735522
18 17 0.00066115702479338859
19 17 0.00022038567493113
38 17 0.00011019283746556467
39 17 0.00033057851239669543
40 17 0.0013223140495867765
41 17 0.00033057851239669435
42 17 0.00011019283746556504
61 17 3.67309458218549e-05
62 17 0.00011019283746556511
63 17 0.00044077134986225897
64 17 0.00011019283746556478
65 17 3.6730945821855016e-05
17 18 0.00066115702479338859
18 18 0.00088154269972452
19 18 0.00066115702479338891
40 18 0.00033057851239669435
41 18 0.00044077134986226016
42 18 0.00033057851239669446
63 18 0.00011019283746556478
64 18 0.00014692378328742006
65 18 0.00011019283746556481
17 19 0.00022038567493113
18 19 0.00066115702479338891
19 19 0.0026446280991735504
20 19 0.0006611570247933887
21 19 0.0002203856749311297
40 19 0.00011019283746556504
41 19 0.00033057851239669446
42 19 0.0013223140495867757
43 19 0.00033057851239669446
44 19 0.00011019283746556488
63 19 3.6730945821855016e-05
64 19 0.00011019283746556481
65 19 0.00044077134986225859
66 19 0.0001101928374655648
67 19 3.6730945821854961e-05
19 20 0.0006611570247933887
20 20 0.00088154269972451891
21 20 0.00066115702479338956
42 20 0.00033057851239669446
43 20 0.00044077134986225962
44 20 0.00033057851239669478
65 20 0.0001101928374655648
66 20 0.0001469237832874199
67 20 0.00011019283746556492
19 21 0.0002203856749311297
20 21 0.00066115702479338956
21 21 0.0026446280991735491
22 21 0.00066115702479338826
23 21 0.00022038567493112929
42 21 0.00011019283746556488
43 21 0.00033057851239669478
44 21 0.0013223140495867748
45 21 0.00033057851239669413
46 21 0.00011019283746556465
65 21 3.6730945821854961e-05
66 21 0.00011019283746556492
67 21 0.00044077134986225832
68 21 0.00011019283746556471
69 21 3.6730945821854894e-05
21 22 0.00066115702479338826
22 22 0.00088154269972451718
23 22 0.00066115702479338815
44 22 0.00033057851239669413
45 22 0.00044077134986225859
46 22 0.00033057851239669413
67 22 0.00011019283746556471
68 22 0.00014692378328741957
69 22 0.0001101928374655647
21 23 0.00022038567493112927
22 23 0.00066115702479338815
23 23 0.0013223140495867748
44 23 0.00011019283746556465
45 23 0.00033057851239669413
46 23 0.00066115702479338761
67 23 3.6730945821854894e-05
68 23 0.0001101928374655647
69 23 0.00022038567493112921
1 24 0.00066115702479338859
2 24 0.00033057851239669429
3 24 0.00011019283746556476
24 24 0.00088154269972451804
25 24 0.00044077134986225897
26 24 0.00014692378328741971
47 24 0.0006611570247933887
48 24 0.00033057851239669429
49 24 0.00011019283746556477
1 25 0.00033057851239669429
2 25 0.00044077134986225902
3 25 0.00033057851239669429
24 25 0.00044077134986225897
25 25 0.00058769513314967884
26 25 0.00044077134986225913
47 25 0.00033057851239669429
48 25 0.00044077134986225908
49 25 0.00033057851239669435
1 26 0.00011019283746556476
2 26 0.00033057851239669429
3 26 0.0013223140495867763
4 26 0.00033057851239669419
5 26 0.00011019283746556474
24 26 0.00014692378328741971
25 26 0.00044077134986225913
26 26 0.0017630853994490363
27 26 0.00044077134986225886
28 26 0.00014692378328741968
47 26 0.00011019283746556477
48 26 0.00033057851239669435
49 26 0.0013223140495867765
50 26 0.00033057851239669424
51 26 0.00011019283746556476
3 27 0.00033057851239669413
4 27 0.00044077134986225897
5 27 0.00033057851239669429
26 27 0.00044077134986225886
27 27 0.00058769513314967873
28 27 0.00044077134986225908
49 27 0.00033057851239669424
50 27 0.00044077134986225902
51 27 0.00033057851239669435
3 28 0.00011019283746556474
4 28 0.00033057851239669429
5 28 0.0013223140495867761
6 28 0.00033057851239669397
7 28 0.00011019283746556469
26 28 0.00014692378328741968
27 28 0.00044077134986225908
28 28 0.0017630853994490359
29 28 0.00044077134986225864
30 28 0.00014692378328741963
49 28 0.00011019283746556476
50 28 0.00033057851239669435
51 28 0.0013223140495867763
52 28 0.00033057851239669397
53 28 0.00011019283746556471
5 29 0.00033057851239669397
6 29 0.0004407713498622588
7 29 0.00033057851239669429
28 29 0.00044077134986225864
29 29 0.00058769513314967852
30 29 0.00044077134986225902
51 29 0.00033057851239669397
52 29 0.00044077134986225886
53 29 0.00033057851239669435
5 30 0.00011019283746556469
6 30 0.00033057851239669429
7 30 0.0013223140495867767
8 30 0.00033057851239669413
9 30 0.00011019283746556477
28 30 0.00014692378328741963
29 30 0.00044077134986225902
30 30 0.0017630853994490367
31 30 0.00044077134986225891
32 30 0.00014692378328741974
51 30 0.00011019283746556471
52 30 0.00033057851239669435
53 30 0.001322314049586777
54 30 0.00033057851239669408
55 30 0.00011019283746556478
7 31 0.00033057851239669413
8 31 0.00044077134986225902
9 31 0.00033057851239669456
30 31 0.00044077134986225891
31 31 0.00058769513314967895
32 31 0.00044077134986225935
53 31 0.00033057851239669408
54 31 0.00044077134986225913
55 31 0.00033057851239669456
7 32 0.00011019283746556477
8 32 0.00033057851239669456
9 32 0.0013223140495867774
10 32 0.00033057851239669424
11 32 0.00011019283746556485
30 32 0.00014692378328741974
31 32 0.00044077134986225935
32 32 0.0017630853994490376
33 32 0.00044077134986225908
34 32 0.00014692378328741987
53 32 0.00011019283746556478
54 32 0.00033057851239669456
55 32 0.0013223140495867776
56 32 0.00033057851239669419
57 32 0.00011019283746556489
9 33 0.00033057851239669424
10 33 0.0004407713498622594
11 33 0.00033057851239669456
32 33 0.00044077134986225908
33 33 0.00058769513314967938
34 33 0.00044077134986225935
55 33 0.00033057851239669419
56 33 0.00044077134986225946
57 33 0.00033057851239669456
9 34 0.00011019283746556485
10 34 0.00033057851239669456
11 34 0.0013223140495867763
12 34 0.00033057851239669381
13 34 0.00011019283746556462
32 34 0.00014692378328741987
33 34 0.00044077134986225935
34 34 0.001763085399449035
35 34 0.00044077134986225837
36 34 0.00014692378328741955
55 34 0.00011019283746556489
56 34 0.00033057851239669456
57 34 0.0013223140495867763
58 34 0.00033057851239669375
59 34 0.00011019283746556465
11 35 0.00033057851239669381
12 35 0.00044077134986225848
13 35 0.00033057851239669413
34 35 0.00044077134986225843
35 35 0.00058769513314967819
36 35 0.0004407713498622588
57 35 0.00033057851239669375
58 35 0.00044077134986225859
59 35 0.00033057851239669419
11 36 0.00011019283746556462
12 36 0.00033057851239669413
13 36 0.0013223140495867767
14 36 0.00033057851239669413
15 36 0.00011019283746556482
34 36 0.00014692378328741955
35 36 0.0004407713498622588
36 36 0.0017630853994490359
37 36 0.00044077134986225886
38 36 0.00014692378328741982
57 36 0.00011019283746556465
58 36 0.00033057851239669419
59 36 0.001322314049586777
60 36 0.00033057851239669413
61 36 0.00011019283746556486
13 37 0.00033057851239669413
14 37 0.00044077134986225929
15 37 0.00033057851239669435
36 37 0.00044077134986225886
37 37 0.00058769513314967938
38 37 0.00044077134986225913
59 37 0.00033057851239669413
60 37 0.00044077134986225946
61 37 0.0003305785123966944
13 38 0.00011019283746556482
14 38 0.00033057851239669435
15 38 0.0013223140495867789
16 38 0.00033057851239669348
17 38 0.00011019283746556467
36 38 0.00014692378328741982
37 38 0.00044077134986225908
38 38 0.0017630853994490387
39 38 0.00044077134986225805
40 38 0.0001469237832874196
59 38 0.00011019283746556486
60 38 0.0003305785123966944
61 38 0.0013223140495867793
62 38 0.00033057851239669348
63 38 0.0001101928374655647
15 39 0.00033057851239669348
16 39 0.0004407713498622587
17 39 0.00033057851239669543
38 39 0.00044077134986225805
39 39 0.00058769513314967841
40 39 0.00044077134986226043
61 39 0.00033057851239669348
62 39 0.00044077134986225886
63 39 0.00033057851239669549
15 40 0.00011019283746556467
16 40 0.00033057851239669543
17 40 0.0013223140495867765
18 40 0.00033057851239669435
19 40 0.00011019283746556501
38 40 0.00014692378328741957
39 40 0.00044077134986226043
40 40 0.0017630853994490359
41 40 0.00044077134986225913
42 40 0.00014692378328742006
61 40 0.0001101928374655647
62 40 0.00033057851239669549
63 40 0.001322314049586777
64 40 0.00033057851239669435
65 40 0.00011019283746556505
17 41 0.00033057851239669435
18 41 0.00044077134986226011
19 41 0.00033057851239669446
40 41 0.00044077134986225913
41 41 0.00058769513314968025
42 41 0.00044077134986225924
63 41 0.00033057851239669435
64 41 0.00044077134986226021
65 41 0.00033057851239669456
17 42 0.00011019283746556501
18 42 0.00033057851239669446
19 42 0.0013223140495867757
20 42 0.00033057851239669435
21 42 0.00011019283746556485
40 42 0.00014692378328742006
41 42 0.00044077134986225924
42 42 0.0017630853994490344
43 42 0.00044077134986225918
44 42 0.00014692378328741987
63 42 0.00011019283746556505
64 42 0.00033057851239669456
65 42 0.0013223140495867759
66 42 0.00033057851239669446
67 42 0.00011019283746556489
19 43 0.00033057851239669435
20 43 0.00044077134986225956
21 43 0.00033057851239669478
42 43 0.00044077134986225918
43 43 0.00058769513314967949
44 43 0.00044077134986225967
65 43 0.00033057851239669446
66 43 0.00044077134986225956
67 43 0.00033057851239669489
19 44 0.00011019283746556485
20 44 0.00033057851239669478
21 44 0.0013223140495867748
22 44 0.00033057851239669413
23 44 0.00011019283746556465
42 44 0.00014692378328741985
43 44 0.00044077134986225967
44 44 0.0017630853994490333
45 44 0.00044077134986225886
46 44 0.00014692378328741957
65 44 0.00011019283746556489
66 44 0.00033057851239669489
67 44 0.001322314049586775
68 44 0.00033057851239669408
69 44 0.00011019283746556467
21 45 0.00033057851239669413
22 45 0.00044077134986225859
23 45 0.00033057851239669413
44 45 0.00044077134986225886
45 45 0.0005876951331496783
46 45 0.0004407713498622588
67 45 0.00033057851239669408
68 45 0.0004407713498622587
69 45 0.00033057851239669419
21 46 0.00011019283746556465
22 46 0.00033057851239669413
23 46 0.0006611570247933875
44 46 0.00014692378328741957
45 46 0.0004407713498622588
46 46 0.00088154269972451685
67 46 0.00011019283746556467
68 46 0.00033057851239669419
69 46 0.00066115702479338772
1 47 0.00022038567493112951
2 47 0.00011019283746556474
3 47 3.6730945821854928e-05
24 47 0.00066115702479338859
25 47 0.00033057851239669429
26 47 0.00011019283746556477
47 47 0.002644628099173553
48 47 0.0013223140495867765
49 47 0.00044077134986225908
70 47 0.00066115702479338837
71 47 0.00033057851239669413
72 47 0.00011019283746556471
93 47 0.00022038567493112946
94 47 0.00011019283746556474
95 47 3.6730945821854921e-05
1 48 0.00011019283746556474
2 48 0.00014692378328741971
3 48 0.00011019283746556478
24 48 0.00033057851239669429
25 48 0.00044077134986225908
26 48 0.00033057851239669435
47 48 0.0013223140495867765
48 48 0.0017630853994490361
49 48 0.001322314049586777
70 48 0.00033057851239669419
71 48 0.00044077134986225886
72 48 0.00033057851239669419
93 48 0.00011019283746556474
94 48 0.00014692378328741968
95 48 0.00011019283746556476
1 49 3.6730945821854928e-05
2 49 0.00011019283746556478
3 49 0.00044077134986225908
4 49 0.00011019283746556471
5 49 3.6730945821854921e-05
24 49 0.00011019283746556477
25 49 0.00033057851239669435
26 49 0.0013223140495867765
27 49 0.00033057851239669424
28 49 0.00011019283746556473
47 49 0.00044077134986225908
48 49 0.001322314049586777
49 49 0.0052892561983471104
50 49 0.0013223140495867761
51 49 0.00044077134986225891
70 49 0.00011019283746556471
71 49 0.00033057851239669419
72 49 0.0013223140495867761
73 49 0.00033057851239669402
74 49 0.00011019283746556469
93 49 3.6730945821854921e-05
94 49 0.00011019283746556476
95 49 0.00044077134986225902
96 49 0.0001101928374655647
97 49 3.6730945821854914e-05
3 50 0.00011019283746556471
4 50 0.00014692378328741968
5 50 0.00011019283746556476
26 50 0.00033057851239669424
27 50 0.00044077134986225891
28 50 0.00033057851239669435
49 50 0.0013223140495867759
50 50 0.0017630853994490357
51 50 0.0013223140495867772
72 50 0.00033057851239669402
73 50 0.00044077134986225875
74 50 0.00033057851239669419
95 50 0.0001101928374655647
96 50 0.00014692378328741966
97 50 0.00011019283746556476
3 51 3.6730945821854921e-05
4 51 0.00011019283746556476
5 51 0.00044077134986225897
6 51 0.00011019283746556466
7 51 3.6730945821854907e-05
26 51 0.00011019283746556476
27 51 0.00033057851239669435
28 51 0.0013223140495867763
29 51 0.00033057851239669397
30 51 0.00011019283746556471
49 51 0.00044077134986225891
50 51 0.0013223140495867772
51 51 0.0052892561983471096
52 51 0.0013223140495867754
53 51 0.0004407713498622587
72 51 0.00011019283746556469
73 51 0.00033057851239669424
74 51 0.0013223140495867761
75 51 0.00033057851239669381
76 51 0.00011019283746556466
95 51 3.6730945821854914e-05
96 51 0.00011019283746556476
97 51 0.00044077134986225886
98 51 0.00011019283746556466
99 51 3.67309458218549e-05
5 52 0.00011019283746556466
6 52 0.00014692378328741963
7 52 0.00011019283746556476
28 52 0.00033057851239669397
29 52 0.00044077134986225886
30 52 0.00033057851239669435
51 52 0.0013223140495867754
52 52 0.0017630853994490348
53 52 0.0013223140495867772
74 52 0.00033057851239669391
75 52 0.0004407713498622587
76 52 0.00033057851239669419
97 52 0.00011019283746556466
98 52 0.0001469237832874196
99 52 0.00011019283746556474
5 53 3.6730945821854907e-05
6 53 0.00011019283746556477
7 53 0.00044077134986225918
8 53 0.00011019283746556473
9 53 3.6730945821854934e-05
28 53 0.00011019283746556471
29 53 0.00033057851239669435
30 53 0.001322314049586777
31 53 0.00033057851239669408
32 53 0.00011019283746556478
51 53 0.00044077134986225864
52 53 0.0013223140495867772
53 53 0.0052892561983471096
54 53 0.0013223140495867759
55 53 0.00044077134986225908
74 53 0.00011019283746556466
75 53 0.00033057851239669424
76 53 0.0013223140495867763
77 53 0.00033057851239669402
78 53 0.00011019283746556471
97 53 3.67309458218549e-05
98 53 0.00011019283746556473
99 53 0.00044077134986225908
100 53 0.00011019283746556473
101 53 3.6730945821854928e-05
7 54 0.00011019283746556473
8 54 0.00014692378328741974
9 54 0.00011019283746556484
30 54 0.00033057851239669408
31 54 0.00044077134986225913
32 54 0.00033057851239669456
53 54 0.0013223140495867759
54 54 0.0017630853994490361
55 54 0.0013223140495867783
76 54 0.00033057851239669402
77 54 0.00044077134986225886
78 54 0.00033057851239669446
99 54 0.00011019283746556473
100 54 0.00014692378328741971
101 54 0.00011019283746556484
7 55 3.6730945821854934e-05
8 55 0.00011019283746556484
9 55 0.0004407713498622594
10 55 0.00011019283746556477
11 55 3.6730945821854968e-05
30 55 0.00011019283746556478
31 55 0.00033057851239669456
32 55 0.0013223140495867776
33 55 0.00033057851239669419
34 55 0.00011019283746556489
53 55 0.00044077134986225902
54 55 0.0013223140495867783
55 55 0.005289256198347113
56 55 0.0013223140495867763
57 55 0.0004407713498622594
76 55 0.00011019283746556471
77 55 0.00033057851239669446
78 55 0.001322314049586777
79 55 0.00033057851239669408
80 55 0.0001101928374655648
99 55 3.6730945821854928e-05
100 55 0.00011019283746556484
101 55 0.00044077134986225935
102 55 0.00011019283746556477
103 55 3.6730945821854955e-05
9 56 0.00011019283746556477
10 56 0.00014692378328741985
11 56 0.00011019283746556484
32 56 0.00033057851239669419
33 56 0.00044077134986225946
34 56 0.00033057851239669456
55 56 0.0013223140495867763
56 56 0.0017630853994490376
57 56 0.0013223140495867783
78 56 0.00033057851239669408
79 56 0.00044077134986225918
80 56 0.00033057851239669446
101 56 0.00011019283746556477
102 56 0.00014692378328741982
103 56 0.00011019283746556484
9 57 3.6730945821854968e-05
10 57 0.00011019283746556484
11 57 0.00044077134986225875
12 57 0.00011019283746556459
13 57 3.6730945821854887e-05
32 57 0.00011019283746556489
33 57 0.00033057851239669456
34 57 0.0013223140495867763
35 57 0.00033057851239669375
36 57 0.00011019283746556465
55 57 0.00044077134986225946
56 57 0.0013223140495867783
57 57 0.0052892561983471078
58 57 0.0013223140495867746
59 57 0.00044077134986225837
78 57 0.00011019283746556482
79 57 0.00033057851239669446
80 57 0.0013223140495867759
81 57 0.0003305785123966937
82 57 0.00011019283746556459
101 57 3.6730945821854955e-05
102 57 0.00011019283746556484
103 57 0.0004407713498622587
104 57 0.00011019283746556459
105 57 3.673094582185488e-05
11 58 0.00011019283746556459
12 58 0.00014692378328741955
13 58 0.0001101928374655647
34 58 0.00033057851239669375
35 58 0.00044077134986225859
36 58 0.00033057851239669419
57 58 0.0013223140495867748
58 58 0.0017630853994490335
59 58 0.0013223140495867767
80 58 0.0003305785123966937
81 58 0.00044077134986225837
82 58 0.00033057851239669408
103 58 0.00011019283746556459
104 58 0.00014692378328741955
105 58 0.00011019283746556467
11 59 3.6730945821854887e-05
12 59 0.0001101928374655647
13 59 0.00044077134986225897
14 59 0.00011019283746556471
15 59 3.6730945821854961e-05
34 59 0.00011019283746556463
35 59 0.00033057851239669419
36 59 0.001322314049586777
37 59 0.00033057851239669413
38 59 0.00011019283746556486
57 59 0.00044077134986225837
58 59 0.0013223140495867767
59 59 0.0052892561983471096
60 59 0.0013223140495867765
61 59 0.00044077134986225929
80 59 0.00011019283746556458
81 59 0.00033057851239669408
82 59 0.0013223140495867763
83 59 0.00033057851239669402
84 59 0.0001101928374655648
103 59 3.673094582185488e-05
104 59 0.00011019283746556467
105 59 0.00044077134986225891
106 59 0.0001101928374655647
107 59 3.6730945821854948e-05
13 60 0.00011019283746556471
14 60 0.00014692378328741985
15 60 0.00011019283746556477
36 60 0.00033057851239669413
37 60 0.00044077134986225946
38 60 0.0003305785123966944
59 60 0.0013223140495867765
60 60 0.0017630853994490372
61 60 0.0013223140495867774
82 60 0.00033057851239669402
83 60 0.00044077134986225918
84 60 0.00033057851239669424
105 60 0.00011019283746556473
106 60 0.00014692378328741979
107 60 0.00011019283746556476
13 61 3.6730945821854961e-05
14 61 0.00011019283746556478
15 61 0.00044077134986225967
16 61 0.00011019283746556451
17 61 3.67309458218549e-05
36 61 0.00011019283746556484
37 61 0.0003305785123966944
38 61 0.0013223140495867791
39 61 0.00033057851239669348
40 61 0.0001101928374655647
59 61 0.00044077134986225929
60 61 0.0013223140495867774
61 61 0.0052892561983471174
62 61 0.0013223140495867735
63 61 0.00044077134986225875
82 61 0.0001101928374655648
83 61 0.00033057851239669424
84 61 0.0013223140495867787
85 61 0.00033057851239669337
86 61 0.00011019283746556465
105 61 3.6730945821854948e-05
106 61 0.00011019283746556477
107 61 0.00044077134986225962
108 61 0.00011019283746556451
109 61 3.6730945821854894e-05
15 62 0.00011019283746556451
16 62 0.00014692378328741963
17 62 0.00011019283746556511
38 62 0.00033057851239669348
39 62 0.0004407713498622588
40 62 0.00033057851239669549
61 62 0.0013223140495867735
62 62 0.001763085399449035
63 62 0.0013223140495867817
84 62 0.00033057851239669337
85 62 0.00044077134986225853
86 62 0.00033057851239669532
107 62 0.00011019283746556451
108 62 0.00014692378328741955
109 62 0.00011019283746556511
15 63 3.67309458218549e-05
16 63 0.00011019283746556511
17 63 0.00044077134986225897
18 63 0.00011019283746556478
19 63 3.6730945821855022e-05
38 63 0.00011019283746556469
39 63 0.00033057851239669549
40 63 0.0013223140495867767
41 63 0.00033057851239669435
42 63 0.00011019283746556505
61 63 0.00044077134986225875
62 63 0.0013223140495867817
63 63 0.0052892561983471096
64 63 0.0013223140495867776
65 63 0.00044077134986226
84 63 0.00011019283746556465
85 63 0.00033057851239669532
86 63 0.0013223140495867761
87 63 0.00033057851239669424
88 63 0.00011019283746556499
107 63 3.6730945821854894e-05
108 63 0.00011019283746556511
109 63 0.00044077134986225886
110 63 0.00011019283746556477
111 63 3.6730945821855009e-05
17 64 0.00011019283746556478
18 64 0.00014692378328742006
19 64 0.00011019283746556481
40 64 0.00033057851239669435
41 64 0.00044077134986226021
42 64 0.00033057851239669456
63 64 0.0013223140495867776
64 64 0.00176308539944904
65 64 0.001322314049586778
86 64 0.00033057851239669424
87 64 0.00044077134986225994
88 64 0.00033057851239669435
109 64 0.0001101928374655648
110 64 0.00014692378328742004
111 64 0.00011019283746556481
17 65 3.6730945821855022e-05
18 65 0.00011019283746556481
19 65 0.00044077134986225859
20 65 0.0001101928374655648
21 65 3.6730945821854968e-05
40 65 0.00011019283746556505
41 65 0.00033057851239669456
42 65 0.0013223140495867761
43 65 0.00033057851239669446
44 65 0.00011019283746556489
63 65 0.00044077134986226
64 65 0.001322314049586778
65 65 0.0052892561983471035
66 65 0.0013223140495867772
67 65 0.00044077134986225946
86 65 0.00011019283746556499
87 65 0.00033057851239669435
88 65 0.0013223140495867752
89 65 0.00033057851239669429
90 65 0.00011019283746556485
109 65 3.6730945821855009e-05
110 65 0.00011019283746556482
111 65 0.00044077134986225859
112 65 0.0001101928374655648
113 65 3.6730945821854961e-05
19 66 0.0001101928374655648
20 66 0.00014692378328741987
21 66 0.00011019283746556492
42 66 0.00033057851239669446
43 66 0.00044077134986225967
44 66 0.00033057851239669489
65 66 0.0013223140495867772
66 66 0.0017630853994490378
67 66 0.0013223140495867793
88 66 0.00033057851239669429
89 66 0.00044077134986225929
90 66 0.00033057851239669473
111 66 0.00011019283746556478
112 66 0.00014692378328741982
113 66 0.00011019283746556492
19 67 3.6730945821854968e-05
20 67 0.00011019283746556492
21 67 0.00044077134986225832
22 67 0.00011019283746556471
23 67 3.6730945821854894e-05
42 67 0.00011019283746556489
43 67 0.00033057851239669489
44 67 0.001322314049586775
45 67 0.00033057851239669408
46 67 0.00011019283746556467
65 67 0.00044077134986225946
66 67 0.0013223140495867793
67 67 0.0052892561983471035
68 67 0.0013223140495867761
69 67 0.00044077134986225848
88 67 0.00011019283746556485
89 67 0.00033057851239669473
90 67 0.0013223140495867746
91 67 0.00033057851239669402
92 67 0.00011019283746556461
111 67 3.6730945821854961e-05
112 67 0.0001101928374655649
113 67 0.00044077134986225826
114 67 0.0001101928374655647
115 67 3.673094582185488e-05
21 68 0.00011019283746556471
22 68 0.00014692378328741957
23 68 0.0001101928374655647
44 68 0.00033057851239669408
45 68 0.0004407713498622587
46 68 0.00033057851239669419
67 68 0.0013223140495867763
68 68 0.0017630853994490339
69 68 0.0013223140495867767
90 68 0.00033057851239669408
91 68 0.00044077134986225848
92 68 0.00033057851239669408
113 68 0.00011019283746556471
114 68 0.00014692378328741955
115 68 0.00011019283746556467
21 69 3.6730945821854894e-05
22 69 0.0001101928374655647
23 69 0.00022038567493112921
44 69 0.00011019283746556466
45 69 0.00033057851239669419
46 69 0.00066115702479338783
67 69 0.00044077134986225848
68 69 0.0013223140495867767
69 69 0.00264462809917355
90 69 0.00011019283746556461
91 69 0.00033057851239669408
92 69 0.00066115702479338739
113 69 3.673094582185488e-05
114 69 0.00011019283746556467
115 69 0.00022038567493112919
47 70 0.00066115702479338837
48 70 0.00033057851239669413
49 70 0.00011019283746556471
70 70 0.00088154269972451783
71 70 0.00044077134986225897
72 70 0.00014692378328741968
93 70 0.00066115702479338859
94 70 0.00033057851239669429
95 70 0.00011019283746556477
47 71 0.00033057851239669413
48 71 0.00044077134986225886
49 71 0.00033057851239669419
70 71 0.00044077134986225897
71 71 0.00058769513314967873
72 71 0.00044077134986225902
93 71 0.00033057851239669429
94 71 0.00044077134986225908
95 71 0.00033057851239669429
47 72 0.00011019283746556471
48 72 0.00033057851239669419
49 72 0.0013223140495867761
50 72 0.00033057851239669402
51 72 0.00011019283746556469
70 72 0.00014692378328741968
71 72 0.00044077134986225902
72 72 0.0017630853994490361
73 72 0.0004407713498622588
74 72 0.00014692378328741963
93 72 0.00011019283746556477
94 72 0.00033057851239669429
95 72 0.0013223140495867767
96 72 0.00033057851239669424
97 72 0.00011019283746556476
49 73 0.00033057851239669408
50 73 0.00044077134986225875
51 73 0.00033057851239669429
72 73 0.0004407713498622588
73 73 0.00058769513314967862
74 73 0.00044077134986225902
95 73 0.00033057851239669424
96 73 0.00044077134986225902
97 73 0.0003305785123966944
49 74 0.00011019283746556469
50 74 0.00033057851239669419
51 74 0.0013223140495867759
52 74 0.00033057851239669386
53 74 0.00011019283746556466
72 74 0.00014692378328741966
73 74 0.00044077134986225902
74 74 0.0017630853994490354
75 74 0.00044077134986225864
76 74 0.0001469237832874196
95 74 0.00011019283746556476
96 74 0.00033057851239669435
97 74 0.0013223140495867765
98 74 0.00033057851239669402
99 74 0.00011019283746556471
51 75 0.00033057851239669386
52 75 0.0004407713498622587
53 75 0.00033057851239669419
74 75 0.00044077134986225864
75 75 0.00058769513314967841
76 75 0.00044077134986225891
97 75 0.00033057851239669402
98 75 0.00044077134986225886
99 75 0.0003305785123966944
51 76 0.00011019283746556466
52 76 0.00033057851239669419
53 76 0.0013223140495867763
54 76 0.00033057851239669408
55 76 0.00011019283746556471
74 76 0.0001469237832874196
75 76 0.00044077134986225891
76 76 0.0017630853994490363
77 76 0.00044077134986225891
78 76 0.00014692378328741971
97 76 0.0001101928374655647
98 76 0.0003305785123966944
99 76 0.001322314049586777
100 76 0.00033057851239669408
101 76 0.00011019283746556476
53 77 0.00033057851239669402
54 77 0.00044077134986225886
55 77 0.00033057851239669446
76 77 0.00044077134986225891
77 77 0.00058769513314967884
78 77 0.00044077134986225935
99 77 0.00033057851239669408
100 77 0.00044077134986225902
101 77 0.00033057851239669462
53 78 0.00011019283746556471
54 78 0.00033057851239669446
55 78 0.001322314049586777
56 78 0.00033057851239669413
57 78 0.0001101928374655648
76 78 0.00014692378328741971
77 78 0.00044077134986225935
78 78 0.0017630853994490372
79 78 0.00044077134986225908
80 78 0.00014692378328741982
99 78 0.00011019283746556476
100 78 0.00033057851239669462
101 78 0.0013223140495867776
102 78 0.00033057851239669424
103 78 0.00011019283746556486
55 79 0.00033057851239669408
56 79 0.00044077134986225918
57 79 0.00033057851239669446
78 79 0.00044077134986225908
79 79 0.00058769513314967927
80 79 0.00044077134986225935
101 79 0.00033057851239669424
102 79 0.00044077134986225946
103 79 0.00033057851239669456
55 80 0.0001101928374655648
56 80 0.00033057851239669446
57 80 0.0013223140495867757
58 80 0.0003305785123966937
59 80 0.00011019283746556459
78 80 0.00014692378328741982
79 80 0.00044077134986225935
80 80 0.0017630853994490348
81 80 0.00044077134986225832
82 80 0.00014692378328741952
101 80 0.00011019283746556486
102 80 0.00033057851239669462
103 80 0.0013223140495867765
104 80 0.00033057851239669381
105 80 0.00011019283746556465
57 81 0.0003305785123966937
58 81 0.00044077134986225837
59 81 0.00033057851239669408
80 81 0.00044077134986225837
81 81 0.00058769513314967808
82 81 0.0004407713498622587
103 81 0.00033057851239669381
104 81 0.00044077134986225859
105 81 0.00033057851239669419
57 82 0.00011019283746556459
58 82 0.00033057851239669408
59 82 0.0013223140495867761
60 82 0.00033057851239669402
61 82 0.0001101928374655648
80 82 0.00014692378328741952
81 82 0.0004407713498622587
82 82 0.0017630853994490357
83 82 0.0004407713498622588
84 82 0.00014692378328741976
103 82 0.00011019283746556465
104 82 0.00033057851239669424
105 82 0.0013223140495867767
106 82 0.00033057851239669402
107 82 0.00011019283746556484
59 83 0.00033057851239669402
60 83 0.00044077134986225918
61 83 0.00033057851239669424
82 83 0.0004407713498622588
83 83 0.00058769513314967917
84 83 0.00044077134986225913
105 83 0.00033057851239669408
106 83 0.00044077134986225935
107 83 0.00033057851239669446
59 84 0.0001101928374655648
60 84 0.00033057851239669424
61 84 0.0013223140495867787
62 84 0.00033057851239669337
63 84 0.00011019283746556465
82 84 0.00014692378328741979
83 84 0.00044077134986225913
84 84 0.0017630853994490385
85 84 0.00044077134986225805
86 84 0.00014692378328741955
105 84 0.00011019283746556484
106 84 0.00033057851239669446
107 84 0.0013223140495867791
108 84 0.00033057851239669343
109 84 0.00011019283746556469
61 85 0.00033057851239669337
62 85 0.00044077134986225859
63 85 0.00033057851239669532
84 85 0.00044077134986225805
85 85 0.00058769513314967819
86 85 0.00044077134986226043
107 85 0.00033057851239669343
108 85 0.00044077134986225875
109 85 0.00033057851239669543
61 86 0.00011019283746556463
62 86 0.00033057851239669532
63 86 0.0013223140495867761
64 86 0.00033057851239669424
65 86 0.00011019283746556499
84 86 0.00014692378328741955
85 86 0.00044077134986226038
86 86 0.0017630853994490354
87 86 0.00044077134986225908
88 86 0.00014692378328742001
107 86 0.00011019283746556467
108 86 0.00033057851239669543
109 86 0.0013223140495867765
110 86 0.00033057851239669429
111 86 0.00011019283746556503
63 87 0.00033057851239669424
64 87 0.00044077134986225994
65 87 0.00033057851239669435
86 87 0.00044077134986225908
87 87 0.00058769513314968014
88 87 0.00044077134986225929
109 87 0.00033057851239669435
110 87 0.00044077134986226011
111 87 0.00033057851239669462
63 88 0.00011019283746556499
64 88 0.00033057851239669435
65 88 0.0013223140495867752
66 88 0.00033057851239669429
67 88 0.00011019283746556482
86 88 0.00014692378328742004
87 88 0.00044077134986225929
88 88 0.0017630853994490339
89 88 0.00044077134986225924
90 88 0.00014692378328741982
109 88 0.00011019283746556503
110 88 0.00033057851239669462
111 88 0.0013223140495867757
112 88 0.00033057851239669435
113 88 0.00011019283746556489
65 89 0.00033057851239669429
66 89 0.00044077134986225929
67 89 0.00033057851239669473
88 89 0.00044077134986225913
89 89 0.00058769513314967927
90 89 0.00044077134986225967
111 89 0.00033057851239669435
112 89 0.00044077134986225956
113 89 0.00033057851239669494
65 90 0.00011019283746556482
66 90 0.00033057851239669473
67 90 0.0013223140495867744
68 90 0.00033057851239669402
69 90 0.00011019283746556462
88 90 0.00014692378328741982
89 90 0.00044077134986225962
90 90 0.0017630853994490328
91 90 0.0004407713498622588
92 90 0.00014692378328741952
111 90 0.00011019283746556486
112 90 0.00033057851239669494
113 90 0.0013223140495867752
114 90 0.00033057851239669419
115 90 0.00011019283746556466
67 91 0.00033057851239669402
68 91 0.00044077134986225848
69 91 0.00033057851239669408
90 91 0.00044077134986225886
91 91 0.00058769513314967808
92 91 0.0004407713498622587
113 91 0.00033057851239669413
114 91 0.00044077134986225864
115 91 0.00033057851239669419
67 92 0.00011019283746556462
68 92 0.00033057851239669408
69 92 0.00066115702479338729
90 92 0.00014692378328741952
91 92 0.0004407713498622587
92 92 0.00088154269972451663
113 92 0.00011019283746556466
114 92 0.00033057851239669424
115 92 0.00066115702479338772
47 93 0.00022038567493112946
48 93 0.00011019283746556474
49 93 3.6730945821854921e-05
70 93 0.00066115702479338848
71 93 0.00033057851239669429
72 93 0.00011019283746556477
93 93 0.0026446280991735526
94 93 0.0013223140495867763
95 93 0.00044077134986225886
116 93 0.00066115702479338794
117 93 0.00033057851239669402
118 93 0.00011019283746556466
139 93 0.00022038567493112938
140 93 0.00011019283746556469
141 93 3.6730945821854914e-05
47 94 0.00011019283746556474
48 94 0.00014692378328741968
49 94 0.00011019283746556476
70 94 0.00033057851239669429
71 94 0.00044077134986225908
72 94 0.00033057851239669429
93 94 0.0013223140495867763
94 94 0.0017630853994490354
95 94 0.0013223140495867765
116 94 0.00033057851239669397
117 94 0.00044077134986225864
118 94 0.00033057851239669397
139 94 0.00011019283746556469
140 94 0.00014692378328741966
141 94 0.00011019283746556471
47 95 3.6730945821854921e-05
48 95 0.00011019283746556476
49 95 0.00044077134986225902
50 95 0.0001101928374655647
51 95 3.6730945821854914e-05
70 95 0.00011019283746556477
71 95 0.00033057851239669429
72 95 0.0013223140495867767
73 95 0.00033057851239669424
74 95 0.00011019283746556476
93 95 0.00044077134986225886
94 95 0.0013223140495867767
95 95 0.0052892561983471087
96 95 0.0013223140495867759
97 95 0.00044077134986225886
116 95 0.00011019283746556466
117 95 0.00033057851239669397
118 95 0.001322314049586775
119 95 0.00033057851239669386
120 95 0.00011019283746556465
139 95 3.6730945821854914e-05
140 95 0.00011019283746556471
141 95 0.0004407713498622587
142 95 0.00011019283746556465
143 95 3.67309458218549e-05
49 96 0.00011019283746556469
50 96 0.00014692378328741966
51 96 0.00011019283746556476
72 96 0.00033057851239669424
73 96 0.00044077134986225902
74 96 0.00033057851239669435
95 96 0.0013223140495867759
96 96 0.0017630853994490354
97 96 0.0013223140495867767
118 96 0.00033057851239669386
119 96 0.00044077134986225859
120 96 0.00033057851239669402
141 96 0.00011019283746556465
142 96 0.0001469237832874196
143 96 0.00011019283746556471
49 97 3.6730945821854914e-05
50 97 0.00011019283746556476
51 97 0.00044077134986225886
52 97 0.00011019283746556466
53 97 3.67309458218549e-05
72 97 0.00011019283746556476
73 97 0.00033057851239669435
74 97 0.0013223140495867767
75 97 0.00033057851239669402
76 97 0.0001101928374655647
95 97 0.00044077134986225886
96 97 0.0013223140495867767
97 97 0.0052892561983471078
98 97 0.0013223140495867752
99 97 0.00044077134986225859
118 97 0.00011019283746556465
119 97 0.00033057851239669402
120 97 0.001322314049586775
121 97 0.0003305785123966937
122 97 0.00011019283746556458
141 97 3.6730945821854907e-05
142 97 0.00011019283746556471
143 97 0.00044077134986225859
144 97 0.00011019283746556458
145 97 3.6730945821854873e-05
51 98 0.00011019283746556466
52 98 0.0001469237832874196
53 98 0.00011019283746556473
74 98 0.00033057851239669402
75 98 0.00044077134986225886
76 98 0.0003305785123966944
97 98 0.0013223140495867752
98 98 0.0017630853994490344
99 98 0.0013223140495867767
120 98 0.0003305785123966937
121 98 0.00044077134986225832
122 98 0.00033057851239669391
143 98 0.00011019283746556458
144 98 0.00014692378328741952
145 98 0.00011019283746556469
51 99 3.67309458218549e-05
52 99 0.00011019283746556474
53 99 0.00044077134986225902
54 99 0.00011019283746556473
55 99 3.6730945821854928e-05
74 99 0.0001101928374655647
75 99 0.0003305785123966944
76 99 0.001322314049586777
77 99 0.00033057851239669408
78 99 0.00011019283746556476
97 99 0.00044077134986225859
98 99 0.0013223140495867767
99 99 0.0052892561983471087
100 99 0.0013223140495867757
101 99 0.00044077134986225897
120 99 0.00011019283746556458
121 99 0.00033057851239669391
122 99 0.0013223140495867754
123 99 0.00033057851239669381
124 99 0.00011019283746556465
143 99 3.6730945821854873e-05
144 99 0.00011019283746556469
145 99 0.00044077134986225875
146 99 0.00011019283746556462
147 99 3.67309458218549e-05
53 100 0.00011019283746556473
54 100 0.00014692378328741971
55 100 0.00011019283746556484
76 100 0.00033057851239669408
77 100 0.00044077134986225902
78 100 0.00033057851239669462
