# Created by Octave 5.2.0, Tue Oct 26 18:12:56 2021 CEST <omen@omen-linux>
# name: ans
# type: sparse matrix
# nnz: 12769
# rows: 841
# columns: 841
1 1 0.00081632653061224471
2 1 0.00040816326530612246
3 1 0.00013605442176870745
30 1 0.00040816326530612246
31 1 0.00020408163265306126
32 1 6.802721088435374e-05
59 1 0.00013605442176870745
60 1 6.8027210884353767e-05
61 1 2.2675736961451258e-05
1 2 0.00040816326530612246
2 2 0.00054421768707482981
3 2 0.00040816326530612246
30 2 0.00020408163265306126
31 2 0.00027210884353741496
32 2 0.00020408163265306123
59 2 6.8027210884353753e-05
60 2 9.0702947845805031e-05
61 2 6.8027210884353767e-05
1 3 0.00013605442176870745
2 3 0.00040816326530612246
3 3 0.0016326530612244892
4 3 0.00040816326530612241
5 3 0.00013605442176870742
30 3 6.802721088435374e-05
31 3 0.00020408163265306123
32 3 0.00081632653061224493
33 3 0.00020408163265306123
34 3 6.8027210884353726e-05
59 3 2.2675736961451258e-05
60 3 6.8027210884353767e-05
61 3 0.00027210884353741496
62 3 6.8027210884353753e-05
63 3 2.2675736961451251e-05
3 4 0.00040816326530612236
4 4 0.0005442176870748297
5 4 0.00040816326530612257
32 4 0.00020408163265306123
33 4 0.0002721088435374149
34 4 0.00020408163265306129
61 4 6.8027210884353753e-05
62 4 9.0702947845805004e-05
63 4 6.802721088435378e-05
3 5 0.00013605442176870742
4 5 0.00040816326530612257
5 5 0.0016326530612244899
6 5 0.00040816326530612236
7 5 0.00013605442176870748
32 5 6.8027210884353726e-05
33 5 0.00020408163265306131
34 5 0.00081632653061224515
35 5 0.00020408163265306118
36 5 6.8027210884353767e-05
61 5 2.2675736961451251e-05
62 5 6.802721088435378e-05
63 5 0.00027210884353741507
64 5 6.8027210884353753e-05
65 5 2.2675736961451261e-05
5 6 0.00040816326530612236
6 6 0.00054421768707482992
7 6 0.00040816326530612236
34 6 0.00020408163265306118
35 6 0.00027210884353741507
36 6 0.00020408163265306123
63 6 6.8027210884353753e-05
64 6 9.0702947845805045e-05
65 6 6.802721088435378e-05
5 7 0.00013605442176870748
6 7 0.00040816326530612236
7 7 0.0016326530612244883
8 7 0.00040816326530612225
9 7 0.00013605442176870745
34 7 6.8027210884353767e-05
35 7 0.00020408163265306123
36 7 0.00081632653061224428
37 7 0.00020408163265306118
38 7 6.8027210884353726e-05
63 7 2.2675736961451261e-05
64 7 6.8027210884353767e-05
65 7 0.00027210884353741463
66 7 6.8027210884353726e-05
67 7 2.2675736961451251e-05
7 8 0.00040816326530612225
8 8 0.00054421768707482981
9 8 0.00040816326530612301
36 8 0.00020408163265306118
37 8 0.0002721088435374149
38 8 0.00020408163265306153
65 8 6.8027210884353726e-05
66 8 9.0702947845805004e-05
67 8 6.8027210884353861e-05
7 9 0.00013605442176870745
8 9 0.00040816326530612301
9 9 0.0016326530612244896
10 9 0.00040816326530612176
11 9 0.00013605442176870756
36 9 6.8027210884353726e-05
37 9 0.00020408163265306153
38 9 0.00081632653061224504
39 9 0.00020408163265306096
40 9 6.8027210884353807e-05
65 9 2.2675736961451251e-05
66 9 6.8027210884353861e-05
67 9 0.00027210884353741507
68 9 6.8027210884353685e-05
69 9 2.2675736961451271e-05
9 10 0.00040816326530612176
10 10 0.00054421768707483024
11 10 0.0004081632653061229
38 10 0.00020408163265306096
39 10 0.00027210884353741523
40 10 0.00020408163265306145
67 10 6.8027210884353685e-05
68 10 9.0702947845805085e-05
69 10 6.8027210884353848e-05
9 11 0.00013605442176870756
10 11 0.00040816326530612284
11 11 0.0016326530612244888
12 11 0.00040816326530612203
13 11 0.00013605442176870742
38 11 6.8027210884353807e-05
39 11 0.00020408163265306145
40 11 0.0008163265306122446
41 11 0.00020408163265306104
42 11 6.8027210884353712e-05
67 11 2.2675736961451271e-05
68 11 6.8027210884353848e-05
69 11 0.00027210884353741485
70 11 6.8027210884353699e-05
71 11 2.2675736961451244e-05
11 12 0.00040816326530612203
12 12 0.0005442176870748297
13 12 0.00040816326530612268
40 12 0.00020408163265306104
41 12 0.00027210884353741485
42 12 0.00020408163265306139
69 12 6.8027210884353699e-05
70 12 9.0702947845804977e-05
71 12 6.8027210884353834e-05
11 13 0.00013605442176870742
12 13 0.00040816326530612268
13 13 0.001632653061224489
14 13 0.00040816326530612214
15 13 0.00013605442176870745
40 13 6.8027210884353726e-05
41 13 0.00020408163265306139
42 13 0.00081632653061224471
43 13 0.00020408163265306115
44 13 6.802721088435374e-05
69 13 2.2675736961451244e-05
70 13 6.8027210884353834e-05
71 13 0.0002721088435374148
72 13 6.802721088435374e-05
73 13 2.2675736961451251e-05
13 14 0.00040816326530612214
14 14 0.00054421768707482981
15 14 0.00040816326530612311
42 14 0.00020408163265306115
43 14 0.00027210884353741496
44 14 0.00020408163265306161
71 14 6.802721088435374e-05
72 14 9.0702947845804991e-05
73 14 6.8027210884353889e-05
13 15 0.00013605442176870745
14 15 0.00040816326530612311
15 15 0.001632653061224489
16 15 0.00040816326530612198
17 15 0.0001360544217687077
42 15 6.802721088435374e-05
43 15 0.00020408163265306161
44 15 0.0008163265306122446
45 15 0.00020408163265306099
46 15 6.8027210884353889e-05
71 15 2.2675736961451251e-05
72 15 6.8027210884353889e-05
73 15 0.0002721088435374149
74 15 6.8027210884353699e-05
75 15 2.2675736961451292e-05
15 16 0.00040816326530612198
16 16 0.00054421768707483078
17 16 0.00040816326530612306
44 16 0.00020408163265306102
45 16 0.00027210884353741555
46 16 0.00020408163265306156
73 16 6.8027210884353699e-05
74 16 9.0702947845805167e-05
75 16 6.8027210884353875e-05
15 17 0.0001360544217687077
16 17 0.00040816326530612301
17 17 0.0016326530612244864
18 17 0.00040816326530612198
19 17 0.0001360544217687077
44 17 6.8027210884353889e-05
45 17 0.00020408163265306156
46 17 0.00081632653061224341
47 17 0.00020408163265306099
48 17 6.8027210884353889e-05
73 17 2.2675736961451292e-05
74 17 6.8027210884353875e-05
75 17 0.00027210884353741447
76 17 6.8027210884353699e-05
77 17 2.2675736961451292e-05
17 18 0.00040816326530612198
18 18 0.00054421768707483078
19 18 0.00040816326530612306
46 18 0.00020408163265306102
47 18 0.00027210884353741555
48 18 0.00020408163265306156
75 18 6.8027210884353699e-05
76 18 9.0702947845805167e-05
77 18 6.8027210884353875e-05
17 19 0.0001360544217687077
18 19 0.00040816326530612301
19 19 0.0016326530612244864
20 19 0.00040816326530612198
21 19 0.0001360544217687077
46 19 6.8027210884353889e-05
47 19 0.00020408163265306156
48 19 0.00081632653061224341
49 19 0.00020408163265306099
50 19 6.8027210884353889e-05
75 19 2.2675736961451292e-05
76 19 6.8027210884353875e-05
77 19 0.00027210884353741447
78 19 6.8027210884353699e-05
79 19 2.2675736961451292e-05
19 20 0.00040816326530612198
20 20 0.00054421768707483078
21 20 0.00040816326530612306
48 20 0.00020408163265306102
49 20 0.00027210884353741555
50 20 0.00020408163265306156
77 20 6.8027210884353699e-05
78 20 9.0702947845805167e-05
79 20 6.8027210884353875e-05
19 21 0.0001360544217687077
20 21 0.00040816326530612301
21 21 0.0016326530612244905
22 21 0.00040816326530612149
23 21 0.00013605442176870718
48 21 6.8027210884353889e-05
49 21 0.00020408163265306156
50 21 0.00081632653061224536
51 21 0.0002040816326530608
52 21 6.8027210884353604e-05
77 21 2.2675736961451292e-05
78 21 6.8027210884353875e-05
79 21 0.00027210884353741512
80 21 6.8027210884353631e-05
81 21 2.2675736961451204e-05
21 22 0.00040816326530612149
22 22 0.00054421768707482883
23 22 0.00040816326530612349
50 22 0.0002040816326530608
51 22 0.00027210884353741442
52 22 0.00020408163265306172
79 22 6.8027210884353631e-05
80 22 9.0702947845804814e-05
81 22 6.8027210884353943e-05
21 23 0.00013605442176870718
22 23 0.00040816326530612349
23 23 0.0016326530612244916
24 23 0.00040816326530612198
25 23 0.0001360544217687077
50 23 6.8027210884353604e-05
51 23 0.00020408163265306177
52 23 0.0008163265306122459
53 23 0.00020408163265306099
54 23 6.8027210884353889e-05
79 23 2.2675736961451204e-05
80 23 6.8027210884353943e-05
81 23 0.00027210884353741534
82 23 6.8027210884353699e-05
83 23 2.2675736961451292e-05
23 24 0.00040816326530612198
24 24 0.00054421768707483078
25 24 0.00040816326530612306
52 24 0.00020408163265306102
53 24 0.00027210884353741555
54 24 0.00020408163265306156
81 24 6.8027210884353699e-05
82 24 9.0702947845805167e-05
83 24 6.8027210884353875e-05
23 25 0.0001360544217687077
24 25 0.00040816326530612301
25 25 0.0016326530612244894
26 25 0.00040816326530612143
27 25 0.00013605442176870715
52 25 6.8027210884353889e-05
53 25 0.00020408163265306156
54 25 0.0008163265306122446
55 25 0.0002040816326530608
56 25 6.8027210884353577e-05
81 25 2.2675736961451292e-05
82 25 6.8027210884353875e-05
83 25 0.00027210884353741496
84 25 6.8027210884353631e-05
85 25 2.2675736961451193e-05
25 26 0.00040816326530612143
26 26 0.00054421768707482861
27 26 0.00040816326530612257
54 26 0.0002040816326530608
55 26 0.00027210884353741431
56 26 0.00020408163265306129
83 26 6.8027210884353631e-05
84 26 9.0702947845804774e-05
85 26 6.8027210884353794e-05
25 27 0.00013605442176870715
26 27 0.00040816326530612257
27 27 0.0016326530612244888
28 27 0.00040816326530612398
29 27 0.0001360544217687078
54 27 6.8027210884353577e-05
55 27 0.00020408163265306129
56 27 0.00081632653061224439
57 27 0.00020408163265306202
58 27 6.8027210884353943e-05
83 27 2.2675736961451193e-05
84 27 6.8027210884353794e-05
85 27 0.00027210884353741485
86 27 6.8027210884354038e-05
87 27 2.2675736961451315e-05
27 28 0.00040816326530612398
28 28 0.00054421768707483122
29 28 0.00040816326530612301
56 28 0.00020408163265306202
57 28 0.00027210884353741577
58 28 0.00020408163265306153
85 28 6.8027210884354038e-05
86 28 9.0702947845805275e-05
87 28 6.8027210884353861e-05
27 29 0.0001360544217687078
28 29 0.00040816326530612301
29 29 0.00081632653061224309
56 29 6.8027210884353943e-05
57 29 0.00020408163265306153
58 29 0.0004081632653061216
85 29 2.2675736961451319e-05
86 29 6.8027210884353861e-05
87 29 0.00013605442176870721
1 30 0.00040816326530612246
2 30 0.00020408163265306126
3 30 6.802721088435374e-05
30 30 0.00054421768707482981
31 30 0.00027210884353741501
32 30 9.0702947845805031e-05
59 30 0.00040816326530612257
60 30 0.00020408163265306129
61 30 6.802721088435378e-05
1 31 0.00020408163265306126
2 31 0.00027210884353741496
3 31 0.00020408163265306123
30 31 0.00027210884353741501
31 31 0.00036281179138322012
32 31 0.00027210884353741507
59 31 0.00020408163265306129
60 31 0.00027210884353741512
61 31 0.00020408163265306126
1 32 6.802721088435374e-05
2 32 0.00020408163265306123
3 32 0.00081632653061224493
4 32 0.00020408163265306123
5 32 6.8027210884353726e-05
30 32 9.0702947845805031e-05
31 32 0.00027210884353741507
32 32 0.00108843537414966
33 32 0.00027210884353741501
34 32 9.0702947845805004e-05
59 32 6.802721088435378e-05
60 32 0.00020408163265306126
61 32 0.00081632653061224515
62 32 0.00020408163265306123
63 32 6.8027210884353753e-05
3 33 0.00020408163265306123
4 33 0.00027210884353741496
5 33 0.00020408163265306131
32 33 0.00027210884353741501
33 33 0.00036281179138322002
34 33 0.00027210884353741523
61 33 0.00020408163265306123
62 33 0.00027210884353741501
63 33 0.00020408163265306137
3 34 6.8027210884353726e-05
4 34 0.00020408163265306129
5 34 0.00081632653061224515
6 34 0.00020408163265306118
7 34 6.8027210884353767e-05
32 34 9.0702947845805004e-05
33 34 0.00027210884353741512
34 34 0.0010884353741496603
35 34 0.00027210884353741501
36 34 9.0702947845805045e-05
61 34 6.8027210884353753e-05
62 34 0.00020408163265306131
63 34 0.00081632653061224547
64 34 0.00020408163265306123
65 34 6.802721088435378e-05
5 35 0.0002040816326530612
6 35 0.00027210884353741507
7 35 0.00020408163265306123
34 35 0.00027210884353741501
35 35 0.00036281179138322018
36 35 0.00027210884353741512
63 35 0.00020408163265306123
64 35 0.00027210884353741517
65 35 0.00020408163265306126
5 36 6.8027210884353767e-05
6 36 0.00020408163265306123
7 36 0.00081632653061224428
8 36 0.00020408163265306118
9 36 6.8027210884353726e-05
34 36 9.0702947845805045e-05
35 36 0.00027210884353741512
36 36 0.001088435374149659
37 36 0.0002721088435374149
38 36 9.0702947845805004e-05
63 36 6.802721088435378e-05
64 36 0.00020408163265306126
65 36 0.00081632653061224449
66 36 0.00020408163265306118
67 36 6.8027210884353753e-05
7 37 0.00020408163265306118
8 37 0.00027210884353741496
9 37 0.00020408163265306153
36 37 0.0002721088435374149
37 37 0.00036281179138322002
38 37 0.00027210884353741545
65 37 0.00020408163265306118
66 37 0.00027210884353741501
67 37 0.00020408163265306156
7 38 6.8027210884353726e-05
8 38 0.00020408163265306153
9 38 0.00081632653061224504
10 38 0.00020408163265306096
11 38 6.8027210884353807e-05
36 38 9.0702947845805004e-05
37 38 0.00027210884353741545
38 38 0.0010884353741496603
39 38 0.00027210884353741474
40 38 9.0702947845805085e-05
65 38 6.8027210884353753e-05
66 38 0.00020408163265306153
67 38 0.00081632653061224515
68 38 0.00020408163265306099
69 38 6.8027210884353807e-05
9 39 0.00020408163265306096
10 39 0.00027210884353741523
11 39 0.00020408163265306145
38 39 0.00027210884353741474
39 39 0.00036281179138322034
40 39 0.00027210884353741539
67 39 0.00020408163265306099
68 39 0.00027210884353741523
69 39 0.00020408163265306148
9 40 6.8027210884353807e-05
10 40 0.00020408163265306145
11 40 0.00081632653061224449
12 40 0.00020408163265306104
13 40 6.8027210884353726e-05
38 40 9.0702947845805085e-05
39 40 0.00027210884353741534
40 40 0.0010884353741496594
41 40 0.00027210884353741485
42 40 9.0702947845804977e-05
67 40 6.8027210884353807e-05
68 40 0.00020408163265306148
69 40 0.00081632653061224471
70 40 0.00020408163265306112
71 40 6.8027210884353753e-05
11 41 0.00020408163265306104
12 41 0.00027210884353741485
13 41 0.00020408163265306139
40 41 0.00027210884353741485
41 41 0.00036281179138321991
42 41 0.00027210884353741534
69 41 0.00020408163265306112
70 41 0.00027210884353741496
71 41 0.00020408163265306139
11 42 6.8027210884353726e-05
12 42 0.00020408163265306139
13 42 0.00081632653061224471
14 42 0.00020408163265306112
15 42 6.802721088435374e-05
40 42 9.0702947845804977e-05
41 42 0.00027210884353741534
42 42 0.0010884353741496592
43 42 0.00027210884353741496
44 42 9.0702947845805004e-05
69 42 6.8027210884353753e-05
70 42 0.00020408163265306139
71 42 0.00081632653061224493
72 42 0.00020408163265306115
73 42 6.8027210884353767e-05
13 43 0.00020408163265306112
14 43 0.00027210884353741496
15 43 0.00020408163265306161
42 43 0.0002721088435374149
43 43 0.00036281179138322002
44 43 0.00027210884353741555
71 43 0.00020408163265306115
72 43 0.00027210884353741501
73 43 0.00020408163265306161
13 44 6.802721088435374e-05
14 44 0.00020408163265306161
15 44 0.0008163265306122446
16 44 0.00020408163265306102
17 44 6.8027210884353889e-05
42 44 9.0702947845805004e-05
43 44 0.00027210884353741561
44 44 0.0010884353741496596
45 44 0.0002721088435374148
46 44 9.0702947845805167e-05
71 44 6.8027210884353767e-05
72 44 0.00020408163265306164
73 44 0.00081632653061224471
74 44 0.00020408163265306102
75 44 6.8027210884353889e-05
15 45 0.00020408163265306102
16 45 0.00027210884353741555
17 45 0.00020408163265306156
44 45 0.00027210884353741485
45 45 0.00036281179138322067
46 45 0.0002721088435374155
73 45 0.00020408163265306102
74 45 0.00027210884353741555
75 45 0.00020408163265306156
15 46 6.8027210884353889e-05
16 46 0.00020408163265306156
17 46 0.00081632653061224341
18 46 0.00020408163265306102
19 46 6.8027210884353889e-05
44 46 9.0702947845805167e-05
45 46 0.00027210884353741545
46 46 0.0010884353741496581
47 46 0.0002721088435374148
48 46 9.0702947845805167e-05
73 46 6.8027210884353889e-05
74 46 0.00020408163265306156
75 46 0.00081632653061224352
76 46 0.00020408163265306102
77 46 6.8027210884353889e-05
17 47 0.00020408163265306102
18 47 0.00027210884353741555
19 47 0.00020408163265306156
46 47 0.00027210884353741485
47 47 0.00036281179138322067
48 47 0.0002721088435374155
75 47 0.00020408163265306102
76 47 0.00027210884353741555
77 47 0.00020408163265306156
17 48 6.8027210884353889e-05
18 48 0.00020408163265306156
19 48 0.00081632653061224341
20 48 0.00020408163265306102
21 48 6.8027210884353889e-05
46 48 9.0702947845805167e-05
47 48 0.00027210884353741545
48 48 0.0010884353741496581
49 48 0.0002721088435374148
50 48 9.0702947845805167e-05
75 48 6.8027210884353889e-05
76 48 0.00020408163265306156
77 48 0.00081632653061224352
78 48 0.00020408163265306102
79 48 6.8027210884353889e-05
19 49 0.00020408163265306102
20 49 0.00027210884353741555
21 49 0.00020408163265306156
48 49 0.00027210884353741485
49 49 0.00036281179138322067
50 49 0.0002721088435374155
77 49 0.00020408163265306102
78 49 0.00027210884353741555
79 49 0.00020408163265306156
19 50 6.8027210884353889e-05
20 50 0.00020408163265306156
21 50 0.00081632653061224536
22 50 0.00020408163265306083
23 50 6.8027210884353604e-05
48 50 9.0702947845805167e-05
49 50 0.00027210884353741545
50 50 0.0010884353741496605
51 50 0.00027210884353741452
52 50 9.0702947845804814e-05
77 50 6.8027210884353889e-05
78 50 0.00020408163265306156
79 50 0.00081632653061224536
80 50 0.00020408163265306088
81 50 6.8027210884353631e-05
21 51 0.00020408163265306083
22 51 0.00027210884353741442
23 51 0.00020408163265306172
50 51 0.00027210884353741452
51 51 0.00036281179138321926
52 51 0.00027210884353741577
79 51 0.00020408163265306088
80 51 0.00027210884353741452
81 51 0.0002040816326530618
21 52 6.8027210884353604e-05
22 52 0.00020408163265306172
23 52 0.0008163265306122459
24 52 0.00020408163265306102
25 52 6.8027210884353889e-05
50 52 9.0702947845804814e-05
51 52 0.00027210884353741577
52 52 0.0010884353741496613
53 52 0.0002721088435374148
54 52 9.0702947845805167e-05
79 52 6.8027210884353631e-05
80 52 0.0002040816326530618
81 52 0.0008163265306122459
82 52 0.00020408163265306102
83 52 6.8027210884353889e-05
23 53 0.00020408163265306102
24 53 0.00027210884353741555
25 53 0.00020408163265306156
52 53 0.00027210884353741485
53 53 0.00036281179138322067
54 53 0.0002721088435374155
81 53 0.00020408163265306102
82 53 0.00027210884353741555
83 53 0.00020408163265306156
23 54 6.8027210884353889e-05
24 54 0.00020408163265306156
25 54 0.0008163265306122446
26 54 0.0002040816326530608
27 54 6.8027210884353577e-05
52 54 9.0702947845805167e-05
53 54 0.00027210884353741545
54 54 0.0010884353741496598
55 54 0.00027210884353741452
56 54 9.0702947845804801e-05
81 54 6.8027210884353889e-05
82 54 0.00020408163265306156
83 54 0.00081632653061224471
84 54 0.0002040816326530608
85 54 6.8027210884353604e-05
25 55 0.0002040816326530608
26 55 0.00027210884353741431
27 55 0.00020408163265306129
54 55 0.00027210884353741452
55 55 0.00036281179138321909
56 55 0.00027210884353741517
83 55 0.00020408163265306083
84 55 0.00027210884353741442
85 55 0.00020408163265306134
25 56 6.8027210884353577e-05
26 56 0.00020408163265306129
27 56 0.00081632653061224439
28 56 0.00020408163265306205
29 56 6.8027210884353929e-05
54 56 9.0702947845804774e-05
55 56 0.00027210884353741517
56 56 0.0010884353741496594
57 56 0.00027210884353741615
58 56 9.0702947845805275e-05
83 56 6.8027210884353604e-05
84 56 0.00020408163265306134
85 56 0.0008163265306122446
86 56 0.00020408163265306207
87 56 6.8027210884353943e-05
27 57 0.00020408163265306205
28 57 0.00027210884353741577
29 57 0.00020408163265306153
56 57 0.00027210884353741615
57 57 0.0003628117913832211
58 57 0.00027210884353741545
85 57 0.00020408163265306207
86 57 0.00027210884353741583
87 57 0.00020408163265306158
27 58 6.8027210884353929e-05
28 58 0.00020408163265306153
29 58 0.0004081632653061216
56 58 9.0702947845805275e-05
57 58 0.00027210884353741545
58 58 0.00054421768707482883
85 58 6.8027210884353943e-05
86 58 0.00020408163265306158
87 58 0.00040816326530612165
1 59 0.00013605442176870745
2 59 6.8027210884353753e-05
3 59 2.2675736961451258e-05
30 59 0.00040816326530612257
31 59 0.00020408163265306129
32 59 6.802721088435378e-05
59 59 0.0016326530612244899
60 59 0.00081632653061224493
61 59 0.00027210884353741496
88 59 0.00040816326530612241
89 59 0.00020408163265306126
90 59 6.802721088435374e-05
117 59 0.00013605442176870742
118 59 6.802721088435374e-05
119 59 2.2675736961451251e-05
1 60 6.8027210884353753e-05
2 60 9.0702947845805031e-05
3 60 6.8027210884353753e-05
30 60 0.00020408163265306126
31 60 0.00027210884353741512
32 60 0.00020408163265306126
59 60 0.00081632653061224493
60 60 0.0010884353741496598
61 60 0.00081632653061224504
88 60 0.00020408163265306126
89 60 0.00027210884353741496
90 60 0.0002040816326530612
117 60 6.802721088435374e-05
118 60 9.0702947845805004e-05
119 60 6.8027210884353726e-05
1 61 2.2675736961451258e-05
2 61 6.8027210884353767e-05
3 61 0.00027210884353741501
4 61 6.8027210884353753e-05
5 61 2.2675736961451251e-05
30 61 6.802721088435378e-05
31 61 0.00020408163265306126
32 61 0.00081632653061224515
33 61 0.00020408163265306123
34 61 6.8027210884353753e-05
59 61 0.00027210884353741496
60 61 0.00081632653061224504
61 61 0.0032653061224489797
62 61 0.00081632653061224482
63 61 0.0002721088435374149
88 61 6.802721088435374e-05
89 61 0.0002040816326530612
90 61 0.00081632653061224482
91 61 0.00020408163265306118
92 61 6.8027210884353726e-05
117 61 2.2675736961451251e-05
118 61 6.802721088435374e-05
119 61 0.0002721088435374149
120 61 6.8027210884353726e-05
121 61 2.2675736961451244e-05
3 62 6.8027210884353753e-05
4 62 9.0702947845805004e-05
5 62 6.802721088435378e-05
32 62 0.00020408163265306123
33 62 0.00027210884353741501
34 62 0.00020408163265306131
61 62 0.00081632653061224482
62 62 0.0010884353741496596
63 62 0.00081632653061224525
90 62 0.00020408163265306118
91 62 0.0002721088435374149
92 62 0.00020408163265306126
119 62 6.8027210884353726e-05
120 62 9.0702947845804977e-05
121 62 6.802721088435378e-05
3 63 2.2675736961451251e-05
4 63 6.802721088435378e-05
5 63 0.00027210884353741507
6 63 6.8027210884353753e-05
7 63 2.2675736961451261e-05
32 63 6.8027210884353753e-05
33 63 0.00020408163265306134
34 63 0.00081632653061224547
35 63 0.00020408163265306123
36 63 6.802721088435378e-05
61 63 0.0002721088435374149
62 63 0.00081632653061224525
63 63 0.0032653061224489806
64 63 0.00081632653061224471
65 63 0.00027210884353741507
90 63 6.8027210884353726e-05
91 63 0.00020408163265306123
92 63 0.00081632653061224493
93 63 0.00020408163265306115
94 63 6.8027210884353753e-05
119 63 2.2675736961451244e-05
120 63 6.802721088435378e-05
121 63 0.00027210884353741501
122 63 6.8027210884353712e-05
123 63 2.2675736961451254e-05
5 64 6.8027210884353753e-05
6 64 9.0702947845805045e-05
7 64 6.802721088435378e-05
34 64 0.00020408163265306123
35 64 0.00027210884353741512
36 64 0.00020408163265306126
63 64 0.00081632653061224471
64 64 0.0010884353741496603
65 64 0.00081632653061224493
92 64 0.00020408163265306115
93 64 0.00027210884353741501
94 64 0.0002040816326530612
121 64 6.8027210884353712e-05
122 64 9.0702947845805018e-05
123 64 6.8027210884353753e-05
5 65 2.2675736961451261e-05
6 65 6.802721088435378e-05
7 65 0.00027210884353741474
8 65 6.8027210884353726e-05
9 65 2.2675736961451251e-05
34 65 6.802721088435378e-05
35 65 0.00020408163265306126
36 65 0.00081632653061224471
37 65 0.00020408163265306118
38 65 6.8027210884353753e-05
63 65 0.00027210884353741507
64 65 0.00081632653061224482
65 65 0.0032653061224489767
66 65 0.00081632653061224449
67 65 0.0002721088435374149
92 65 6.8027210884353753e-05
93 65 0.00020408163265306118
94 65 0.00081632653061224406
95 65 0.0002040816326530611
96 65 6.8027210884353726e-05
121 65 2.2675736961451254e-05
122 65 6.8027210884353753e-05
123 65 0.00027210884353741463
124 65 6.8027210884353712e-05
125 65 2.2675736961451244e-05
7 66 6.8027210884353726e-05
8 66 9.0702947845805004e-05
9 66 6.8027210884353861e-05
36 66 0.00020408163265306118
37 66 0.00027210884353741501
38 66 0.00020408163265306153
65 66 0.00081632653061224449
66 66 0.0010884353741496596
67 66 0.00081632653061224601
94 66 0.0002040816326530611
95 66 0.0002721088435374149
96 66 0.00020408163265306148
123 66 6.8027210884353712e-05
124 66 9.0702947845804977e-05
125 66 6.8027210884353834e-05
7 67 2.2675736961451251e-05
8 67 6.8027210884353861e-05
9 67 0.00027210884353741507
10 67 6.8027210884353685e-05
11 67 2.2675736961451271e-05
36 67 6.8027210884353753e-05
37 67 0.00020408163265306153
38 67 0.00081632653061224515
39 67 0.00020408163265306099
40 67 6.8027210884353821e-05
65 67 0.0002721088435374149
66 67 0.00081632653061224601
67 67 0.0032653061224489806
68 67 0.00081632653061224374
69 67 0.00027210884353741507
94 67 6.8027210884353726e-05
95 67 0.00020408163265306148
96 67 0.00081632653061224482
97 67 0.00020408163265306091
98 67 6.8027210884353807e-05
123 67 2.2675736961451244e-05
124 67 6.8027210884353834e-05
125 67 0.00027210884353741496
126 67 6.8027210884353672e-05
127 67 2.2675736961451265e-05
9 68 6.8027210884353685e-05
10 68 9.0702947845805085e-05
11 68 6.8027210884353848e-05
38 68 0.00020408163265306096
39 68 0.00027210884353741528
40 68 0.00020408163265306148
67 68 0.00081632653061224374
68 68 0.0010884353741496603
69 68 0.0008163265306122459
96 68 0.00020408163265306091
97 68 0.00027210884353741523
98 68 0.00020408163265306142
125 68 6.8027210884353672e-05
126 68 9.0702947845805058e-05
127 68 6.8027210884353807e-05
9 69 2.2675736961451271e-05
10 69 6.8027210884353834e-05
11 69 0.00027210884353741485
12 69 6.8027210884353699e-05
13 69 2.2675736961451244e-05
38 69 6.8027210884353821e-05
39 69 0.00020408163265306148
40 69 0.00081632653061224482
41 69 0.00020408163265306112
42 69 6.802721088435374e-05
67 69 0.00027210884353741507
68 69 0.0008163265306122458
69 69 0.0032653061224489793
70 69 0.00081632653061224406
71 69 0.0002721088435374149
96 69 6.8027210884353807e-05
97 69 0.00020408163265306142
98 69 0.00081632653061224471
99 69 0.00020408163265306104
100 69 6.8027210884353726e-05
125 69 2.2675736961451265e-05
126 69 6.8027210884353807e-05
127 69 0.0002721088435374148
128 69 6.8027210884353685e-05
129 69 2.2675736961451241e-05
11 70 6.8027210884353699e-05
12 70 9.0702947845804977e-05
13 70 6.8027210884353834e-05
40 70 0.00020408163265306112
41 70 0.00027210884353741496
42 70 0.00020408163265306142
69 70 0.00081632653061224406
70 70 0.0010884353741496592
71 70 0.00081632653061224547
98 70 0.00020408163265306104
99 70 0.0002721088435374149
100 70 0.00020408163265306137
127 70 6.8027210884353685e-05
128 70 9.0702947845804963e-05
129 70 6.802721088435378e-05
11 71 2.2675736961451244e-05
12 71 6.8027210884353834e-05
13 71 0.0002721088435374148
14 71 6.8027210884353726e-05
15 71 2.2675736961451251e-05
40 71 6.802721088435374e-05
41 71 0.00020408163265306142
42 71 0.00081632653061224493
43 71 0.00020408163265306118
44 71 6.8027210884353753e-05
69 71 0.0002721088435374149
70 71 0.00081632653061224547
71 71 0.0032653061224489797
72 71 0.00081632653061224428
73 71 0.0002721088435374149
98 71 6.8027210884353726e-05
99 71 0.00020408163265306137
100 71 0.00081632653061224471
101 71 0.00020408163265306112
102 71 6.802721088435374e-05
127 71 2.2675736961451241e-05
128 71 6.802721088435378e-05
129 71 0.00027210884353741474
130 71 6.8027210884353712e-05
131 71 2.2675736961451244e-05
13 72 6.8027210884353726e-05
14 72 9.0702947845805004e-05
15 72 6.8027210884353902e-05
42 72 0.00020408163265306118
43 72 0.00027210884353741501
44 72 0.00020408163265306161
71 72 0.00081632653061224428
72 72 0.0010884353741496592
73 72 0.00081632653061224634
100 72 0.00020408163265306112
101 72 0.00027210884353741496
102 72 0.00020408163265306158
129 72 6.8027210884353712e-05
130 72 9.0702947845804977e-05
131 72 6.8027210884353848e-05
13 73 2.2675736961451251e-05
14 73 6.8027210884353902e-05
15 73 0.0002721088435374149
16 73 6.8027210884353699e-05
17 73 2.2675736961451292e-05
42 73 6.8027210884353753e-05
43 73 0.00020408163265306161
44 73 0.00081632653061224471
45 73 0.00020408163265306102
46 73 6.8027210884353889e-05
71 73 0.0002721088435374149
72 73 0.00081632653061224634
73 73 0.0032653061224489801
74 73 0.00081632653061224395
75 73 0.00027210884353741539
100 73 6.802721088435374e-05
101 73 0.00020408163265306158
102 73 0.00081632653061224449
103 73 0.00020408163265306096
104 73 6.8027210884353875e-05
129 73 2.2675736961451244e-05
130 73 6.8027210884353861e-05
131 73 0.00027210884353741474
132 73 6.8027210884353685e-05
133 73 2.2675736961451288e-05
15 74 6.8027210884353699e-05
16 74 9.0702947845805167e-05
17 74 6.8027210884353875e-05
44 74 0.00020408163265306102
45 74 0.00027210884353741555
46 74 0.00020408163265306156
73 74 0.00081632653061224395
74 74 0.0010884353741496616
75 74 0.00081632653061224623
102 74 0.00020408163265306096
103 74 0.00027210884353741545
104 74 0.00020408163265306148
131 74 6.8027210884353685e-05
132 74 9.0702947845805153e-05
133 74 6.8027210884353834e-05
15 75 2.2675736961451292e-05
16 75 6.8027210884353861e-05
17 75 0.00027210884353741452
18 75 6.8027210884353699e-05
19 75 2.2675736961451292e-05
44 75 6.8027210884353889e-05
45 75 0.00020408163265306156
46 75 0.00081632653061224352
47 75 0.00020408163265306102
48 75 6.8027210884353889e-05
73 75 0.00027210884353741539
74 75 0.00081632653061224612
75 75 0.0032653061224489749
76 75 0.00081632653061224395
77 75 0.00027210884353741539
102 75 6.8027210884353875e-05
103 75 0.00020408163265306148
104 75 0.00081632653061224341
105 75 0.00020408163265306096
106 75 6.8027210884353875e-05
131 75 2.2675736961451288e-05
132 75 6.8027210884353834e-05
133 75 0.00027210884353741436
134 75 6.8027210884353685e-05
135 75 2.2675736961451288e-05
17 76 6.8027210884353699e-05
18 76 9.0702947845805167e-05
19 76 6.8027210884353875e-05
46 76 0.00020408163265306102
47 76 0.00027210884353741555
48 76 0.00020408163265306156
75 76 0.00081632653061224395
76 76 0.0010884353741496616
77 76 0.00081632653061224623
104 76 0.00020408163265306096
105 76 0.00027210884353741545
106 76 0.00020408163265306148
133 76 6.8027210884353685e-05
134 76 9.0702947845805153e-05
135 76 6.8027210884353834e-05
17 77 2.2675736961451292e-05
18 77 6.8027210884353861e-05
19 77 0.00027210884353741452
20 77 6.8027210884353699e-05
21 77 2.2675736961451292e-05
46 77 6.8027210884353889e-05
47 77 0.00020408163265306156
48 77 0.00081632653061224352
49 77 0.00020408163265306102
50 77 6.8027210884353889e-05
75 77 0.00027210884353741539
76 77 0.00081632653061224612
77 77 0.0032653061224489749
78 77 0.00081632653061224395
79 77 0.00027210884353741539
104 77 6.8027210884353875e-05
105 77 0.00020408163265306148
106 77 0.00081632653061224341
107 77 0.00020408163265306096
108 77 6.8027210884353875e-05
133 77 2.2675736961451288e-05
134 77 6.8027210884353834e-05
135 77 0.00027210884353741436
136 77 6.8027210884353685e-05
137 77 2.2675736961451288e-05
19 78 6.8027210884353699e-05
20 78 9.0702947845805167e-05
21 78 6.8027210884353875e-05
48 78 0.00020408163265306102
49 78 0.00027210884353741555
50 78 0.00020408163265306156
77 78 0.00081632653061224395
78 78 0.0010884353741496616
79 78 0.00081632653061224623
106 78 0.00020408163265306096
107 78 0.00027210884353741545
108 78 0.00020408163265306148
135 78 6.8027210884353685e-05
136 78 9.0702947845805153e-05
137 78 6.8027210884353834e-05
19 79 2.2675736961451292e-05
20 79 6.8027210884353861e-05
21 79 0.00027210884353741512
22 79 6.8027210884353631e-05
23 79 2.2675736961451204e-05
48 79 6.8027210884353889e-05
49 79 0.00020408163265306156
50 79 0.00081632653061224536
51 79 0.00020408163265306088
52 79 6.8027210884353631e-05
77 79 0.00027210884353741539
78 79 0.00081632653061224612
79 79 0.0032653061224489819
80 79 0.00081632653061224298
81 79 0.00027210884353741442
106 79 6.8027210884353875e-05
107 79 0.00020408163265306148
108 79 0.00081632653061224525
109 79 0.00020408163265306083
110 79 6.8027210884353604e-05
135 79 2.2675736961451288e-05
136 79 6.8027210884353834e-05
137 79 0.00027210884353741501
138 79 6.8027210884353604e-05
139 79 2.2675736961451197e-05
21 80 6.8027210884353631e-05
22 80 9.0702947845804814e-05
23 80 6.8027210884353943e-05
50 80 0.00020408163265306088
51 80 0.00027210884353741452
52 80 0.0002040816326530618
79 80 0.00081632653061224298
80 80 0.0010884353741496577
81 80 0.00081632653061224677
108 80 0.00020408163265306083
109 80 0.00027210884353741442
110 80 0.00020408163265306172
137 80 6.8027210884353604e-05
138 80 9.0702947845804787e-05
139 80 6.8027210884353929e-05
21 81 2.2675736961451204e-05
22 81 6.8027210884353943e-05
23 81 0.00027210884353741534
24 81 6.8027210884353699e-05
25 81 2.2675736961451292e-05
50 81 6.8027210884353631e-05
51 81 0.00020408163265306183
52 81 0.0008163265306122459
53 81 0.00020408163265306102
54 81 6.8027210884353889e-05
79 81 0.00027210884353741442
80 81 0.00081632653061224699
81 81 0.0032653061224489849
82 81 0.00081632653061224395
83 81 0.00027210884353741539
108 81 6.8027210884353604e-05
109 81 0.00020408163265306172
110 81 0.0008163265306122458
111 81 0.00020408163265306096
112 81 6.8027210884353875e-05
137 81 2.2675736961451197e-05
138 81 6.8027210884353929e-05
139 81 0.00027210884353741517
140 81 6.8027210884353685e-05
141 81 2.2675736961451288e-05
23 82 6.8027210884353699e-05
24 82 9.0702947845805167e-05
25 82 6.8027210884353875e-05
52 82 0.00020408163265306102
53 82 0.00027210884353741555
54 82 0.00020408163265306156
81 82 0.00081632653061224395
82 82 0.0010884353741496616
83 82 0.00081632653061224623
110 82 0.00020408163265306096
111 82 0.00027210884353741545
112 82 0.00020408163265306148
139 82 6.8027210884353685e-05
140 82 9.0702947845805153e-05
141 82 6.8027210884353834e-05
23 83 2.2675736961451292e-05
24 83 6.8027210884353861e-05
25 83 0.00027210884353741496
26 83 6.8027210884353631e-05
27 83 2.2675736961451193e-05
52 83 6.8027210884353889e-05
53 83 0.00020408163265306156
54 83 0.00081632653061224471
55 83 0.00020408163265306083
56 83 6.8027210884353604e-05
81 83 0.00027210884353741539
82 83 0.00081632653061224612
83 83 0.0032653061224489797
84 83 0.00081632653061224309
85 83 0.00027210884353741425
110 83 6.8027210884353875e-05
111 83 0.00020408163265306148
112 83 0.0008163265306122446
113 83 0.00020408163265306074
114 83 6.8027210884353563e-05
139 83 2.2675736961451288e-05
140 83 6.8027210884353834e-05
141 83 0.00027210884353741485
142 83 6.802721088435359e-05
143 83 2.267573696145119e-05
25 84 6.8027210884353631e-05
26 84 9.0702947845804774e-05
27 84 6.8027210884353794e-05
54 84 0.00020408163265306083
55 84 0.00027210884353741442
56 84 0.00020408163265306134
83 84 0.00081632653061224319
84 84 0.0010884353741496572
85 84 0.00081632653061224525
112 84 0.00020408163265306074
113 84 0.00027210884353741431
114 84 0.00020408163265306126
141 84 6.802721088435359e-05
142 84 9.070294784580476e-05
143 84 6.8027210884353753e-05
25 85 2.2675736961451193e-05
26 85 6.8027210884353794e-05
27 85 0.00027210884353741485
28 85 6.8027210884354038e-05
29 85 2.2675736961451315e-05
54 85 6.8027210884353604e-05
55 85 0.00020408163265306134
56 85 0.0008163265306122446
57 85 0.00020408163265306205
58 85 6.8027210884353943e-05
83 85 0.00027210884353741425
84 85 0.00081632653061224515
85 85 0.0032653061224489788
86 85 0.00081632653061224786
87 85 0.00027210884353741572
112 85 6.8027210884353577e-05
113 85 0.00020408163265306126
114 85 0.00081632653061224439
115 85 0.00020408163265306199
116 85 6.8027210884353916e-05
141 85 2.267573696145119e-05
142 85 6.8027210884353753e-05
143 85 0.0002721088435374148
144 85 6.8027210884354011e-05
145 85 2.2675736961451305e-05
27 86 6.8027210884354038e-05
28 86 9.0702947845805275e-05
29 86 6.8027210884353861e-05
56 86 0.00020408163265306205
57 86 0.00027210884353741577
58 86 0.00020408163265306158
85 86 0.00081632653061224786
86 86 0.0010884353741496629
87 86 0.00081632653061224601
114 86 0.00020408163265306199
115 86 0.00027210884353741572
116 86 0.0002040816326530615
143 86 6.8027210884354011e-05
144 86 9.0702947845805221e-05
145 86 6.8027210884353848e-05
27 87 2.2675736961451315e-05
28 87 6.8027210884353861e-05
29 87 0.00013605442176870721
56 87 6.8027210884353943e-05
57 87 0.00020408163265306158
58 87 0.00040816326530612165
85 87 0.00027210884353741572
86 87 0.00081632653061224601
87 87 0.0016326530612244864
114 87 6.8027210884353916e-05
115 87 0.0002040816326530615
116 87 0.0004081632653061216
143 87 2.2675736961451305e-05
144 87 6.8027210884353848e-05
145 87 0.00013605442176870718
59 88 0.00040816326530612241
60 88 0.00020408163265306126
61 88 6.802721088435374e-05
88 88 0.00054421768707482981
89 88 0.00027210884353741496
90 88 9.0702947845805004e-05
117 88 0.00040816326530612263
118 88 0.00020408163265306137
119 88 6.8027210884353807e-05
59 89 0.00020408163265306126
60 89 0.00027210884353741496
61 89 0.0002040816326530612
88 89 0.00027210884353741496
89 89 0.00036281179138322002
90 89 0.00027210884353741496
117 89 0.00020408163265306137
118 89 0.00027210884353741523
119 89 0.00020408163265306139
59 90 6.802721088435374e-05
60 90 0.0002040816326530612
61 90 0.00081632653061224482
62 90 0.00020408163265306118
63 90 6.8027210884353726e-05
88 90 9.0702947845805004e-05
89 90 0.00027210884353741496
90 90 0.0010884353741496596
91 90 0.00027210884353741496
92 90 9.0702947845804977e-05
117 90 6.8027210884353807e-05
118 90 0.00020408163265306137
119 90 0.00081632653061224547
120 90 0.00020408163265306134
121 90 6.802721088435378e-05
61 91 0.00020408163265306118
62 91 0.0002721088435374149
63 91 0.00020408163265306123
90 91 0.0002721088435374149
91 91 0.00036281179138321991
92 91 0.00027210884353741507
119 91 0.00020408163265306134
120 91 0.00027210884353741517
121 91 0.00020408163265306145
61 92 6.8027210884353726e-05
62 92 0.00020408163265306126
63 92 0.00081632653061224515
64 92 0.00020408163265306115
65 92 6.8027210884353753e-05
90 92 9.0702947845804977e-05
91 92 0.00027210884353741512
92 92 0.00108843537414966
93 92 0.00027210884353741496
94 92 9.0702947845805018e-05
119 92 6.8027210884353794e-05
120 92 0.00020408163265306145
121 92 0.00081632653061224569
122 92 0.00020408163265306129
123 92 6.8027210884353807e-05
63 93 0.00020408163265306115
64 93 0.00027210884353741501
65 93 0.00020408163265306118
92 93 0.00027210884353741485
93 93 0.00036281179138322007
94 93 0.00027210884353741501
121 93 0.00020408163265306129
122 93 0.00027210884353741523
123 93 0.00020408163265306134
63 94 6.8027210884353753e-05
64 94 0.0002040816326530612
65 94 0.00081632653061224428
66 94 0.0002040816326530611
67 94 6.8027210884353726e-05
92 94 9.0702947845805018e-05
93 94 0.00027210884353741501
94 94 0.0010884353741496585
95 94 0.0002721088435374149
96 94 9.0702947845804977e-05
121 94 6.8027210884353807e-05
122 94 0.00020408163265306137
123 94 0.00081632653061224493
124 94 0.00020408163265306126
125 94 6.802721088435378e-05
65 95 0.0002040816326530611
66 95 0.0002721088435374149
67 95 0.00020408163265306148
94 95 0.00027210884353741485
95 95 0.00036281179138321991
96 95 0.00027210884353741534
123 95 0.00020408163265306126
124 95 0.00027210884353741517
125 95 0.00020408163265306161
65 96 6.8027210884353726e-05
66 96 0.00020408163265306148
67 96 0.00081632653061224471
68 96 0.00020408163265306091
69 96 6.8027210884353807e-05
94 96 9.0702947845804977e-05
95 96 0.00027210884353741528
96 96 0.0010884353741496598
97 96 0.00027210884353741469
98 96 9.0702947845805058e-05
123 96 6.8027210884353794e-05
124 96 0.00020408163265306161
125 96 0.00081632653061224525
126 96 0.00020408163265306104
127 96 6.8027210884353834e-05
67 97 0.00020408163265306091
68 97 0.00027210884353741523
69 97 0.00020408163265306142
96 97 0.00027210884353741469
97 97 0.00036281179138322023
98 97 0.00027210884353741534
125 97 0.00020408163265306107
126 97 0.00027210884353741534
127 97 0.00020408163265306153
67 98 6.8027210884353807e-05
68 98 0.00020408163265306142
69 98 0.0008163265306122446
70 98 0.00020408163265306104
71 98 6.8027210884353726e-05
96 98 9.0702947845805058e-05
97 98 0.00027210884353741523
98 98 0.0010884353741496592
99 98 0.00027210884353741474
100 98 9.0702947845804963e-05
125 98 6.8027210884353834e-05
126 98 0.00020408163265306153
127 98 0.00081632653061224504
128 98 0.0002040816326530612
129 98 6.802721088435378e-05
69 99 0.00020408163265306104
70 99 0.00027210884353741485
71 99 0.00020408163265306137
98 99 0.00027210884353741474
99 99 0.00036281179138321985
100 99 0.00027210884353741512
127 99 0.0002040816326530612
128 99 0.00027210884353741501
