# Created by Octave 5.2.0, Wed Nov 03 21:42:37 2021 CET <omen@omen-linux>
# name: ans
# type: sparse matrix
# nnz: 19321
# rows: 841
# columns: 841
1 1 0.00021947873799725651
2 1 0.00012802926383173293
3 1 1.8289894833104713e-05
30 1 0.00012802926383173295
31 1 7.4683737235177572e-05
32 1 1.0669105319311085e-05
59 1 1.828989483310472e-05
60 1 1.0669105319311083e-05
61 1 1.5241579027587263e-06
1 2 0.00012802926383173293
2 2 0.00036579789666209414
3 2 0.00022862368541380884
4 2 9.1449474165523565e-06
30 2 7.4683737235177572e-05
31 2 0.00021338210638622163
32 2 0.0001333638164913885
33 2 5.3345526596555426e-06
59 2 1.0669105319311083e-05
60 2 3.0483158055174535e-05
61 2 1.905197378448407e-05
62 2 7.6207895137936315e-07
1 3 1.8289894833104713e-05
2 3 0.00022862368541380884
3 3 0.00060356652949245502
4 3 0.00023776863283036118
5 3 9.1449474165523565e-06
30 3 1.0669105319311085e-05
31 3 0.0001333638164913885
32 3 0.00035208047553726555
33 3 0.00013869836915104405
34 3 5.3345526596555426e-06
59 3 1.5241579027587263e-06
60 3 1.905197378448407e-05
61 3 5.0297210791037928e-05
62 3 1.981405273586343e-05
63 3 7.6207895137936315e-07
2 4 9.1449474165523565e-06
3 4 0.00023776863283036118
4 4 0.00060356652949245502
5 4 0.00023776863283036118
6 4 9.1449474165523599e-06
31 4 5.3345526596555426e-06
32 4 0.00013869836915104405
33 4 0.00035208047553726555
34 4 0.00013869836915104405
35 4 5.3345526596555442e-06
60 4 7.6207895137936315e-07
61 4 1.981405273586343e-05
62 4 5.0297210791037928e-05
63 4 1.9814052735863437e-05
64 4 7.6207895137936336e-07
3 5 9.1449474165523565e-06
4 5 0.00023776863283036118
5 5 0.00060356652949245535
6 5 0.0002377686328303611
7 5 9.144947416552348e-06
32 5 5.3345526596555426e-06
33 5 0.00013869836915104405
34 5 0.00035208047553726576
35 5 0.00013869836915104399
36 5 5.3345526596555366e-06
61 5 7.6207895137936315e-07
62 5 1.9814052735863437e-05
63 5 5.0297210791037941e-05
64 5 1.9814052735863426e-05
65 5 7.6207895137936262e-07
4 6 9.1449474165523599e-06
5 6 0.0002377686328303611
6 6 0.0006035665294924547
7 6 0.00023776863283036124
8 6 9.1449474165523565e-06
33 6 5.3345526596555442e-06
34 6 0.00013869836915104399
35 6 0.00035208047553726533
36 6 0.0001386983691510441
37 6 5.3345526596555434e-06
62 6 7.6207895137936336e-07
63 6 1.9814052735863426e-05
64 6 5.0297210791037914e-05
65 6 1.9814052735863437e-05
66 6 7.6207895137936325e-07
5 7 9.144947416552348e-06
6 7 0.00023776863283036124
7 7 0.00060356652949245513
8 7 0.00023776863283036113
9 7 9.1449474165523531e-06
34 7 5.3345526596555366e-06
35 7 0.0001386983691510441
36 7 0.00035208047553726555
37 7 0.00013869836915104399
38 7 5.3345526596555383e-06
63 7 7.6207895137936262e-07
64 7 1.9814052735863437e-05
65 7 5.0297210791037941e-05
66 7 1.9814052735863433e-05
67 7 7.6207895137936283e-07
6 8 9.1449474165523565e-06
7 8 0.00023776863283036113
8 8 0.00060356652949245513
9 8 0.00023776863283036102
10 8 9.1449474165523599e-06
35 8 5.3345526596555434e-06
36 8 0.00013869836915104399
37 8 0.00035208047553726555
38 8 0.00013869836915104394
39 8 5.3345526596555426e-06
64 8 7.6207895137936325e-07
65 8 1.9814052735863433e-05
66 8 5.0297210791037928e-05
67 8 1.9814052735863426e-05
68 8 7.6207895137936346e-07
7 9 9.1449474165523531e-06
8 9 0.00023776863283036102
9 9 0.00060356652949245546
10 9 0.00023776863283036164
11 9 9.1449474165523599e-06
36 9 5.3345526596555383e-06
37 9 0.00013869836915104394
38 9 0.00035208047553726582
39 9 0.00013869836915104424
40 9 5.3345526596555426e-06
65 9 7.6207895137936283e-07
66 9 1.9814052735863426e-05
67 9 5.0297210791037948e-05
68 9 1.981405273586347e-05
69 9 7.6207895137936336e-07
8 10 9.1449474165523599e-06
9 10 0.00023776863283036164
10 10 0.00060356652949245535
11 10 0.00023776863283036089
12 10 9.1449474165523378e-06
37 10 5.3345526596555426e-06
38 10 0.00013869836915104424
39 10 0.00035208047553726566
40 10 0.00013869836915104389
41 10 5.334552659655529e-06
66 10 7.6207895137936346e-07
67 10 1.981405273586347e-05
68 10 5.0297210791037961e-05
69 10 1.9814052735863409e-05
70 10 7.6207895137936166e-07
9 11 9.1449474165523599e-06
10 11 0.00023776863283036089
11 11 0.00060356652949245459
12 11 0.00023776863283036145
13 11 9.1449474165523768e-06
38 11 5.3345526596555426e-06
39 11 0.00013869836915104389
40 11 0.00035208047553726522
41 11 0.0001386983691510441
42 11 5.3345526596555536e-06
67 11 7.6207895137936336e-07
68 11 1.9814052735863409e-05
69 11 5.0297210791037873e-05
70 11 1.9814052735863453e-05
71 11 7.6207895137936484e-07
10 12 9.1449474165523378e-06
11 12 0.00023776863283036143
12 12 0.00060356652949245578
13 12 0.00023776863283036099
14 12 9.1449474165523429e-06
39 12 5.334552659655529e-06
40 12 0.0001386983691510441
41 12 0.00035208047553726593
42 12 0.00013869836915104394
43 12 5.3345526596555315e-06
68 12 7.6207895137936166e-07
69 12 1.9814052735863453e-05
70 12 5.0297210791038002e-05
71 12 1.9814052735863423e-05
72 12 7.6207895137936198e-07
11 13 9.1449474165523768e-06
12 13 0.00023776863283036099
13 13 0.0006035665294924547
14 13 0.00023776863283036143
15 13 9.1449474165523768e-06
40 13 5.3345526596555536e-06
41 13 0.00013869836915104394
42 13 0.00035208047553726538
43 13 0.0001386983691510441
44 13 5.3345526596555536e-06
69 13 7.6207895137936484e-07
70 13 1.9814052735863423e-05
71 13 5.0297210791037887e-05
72 13 1.981405273586345e-05
73 13 7.6207895137936484e-07
12 14 9.1449474165523429e-06
13 14 0.0002377686328303614
14 14 0.00060356652949245578
15 14 0.00023776863283036099
16 14 9.1449474165523277e-06
41 14 5.3345526596555315e-06
42 14 0.0001386983691510441
43 14 0.00035208047553726582
44 14 0.00013869836915104397
45 14 5.3345526596555256e-06
70 14 7.6207895137936198e-07
71 14 1.981405273586345e-05
72 14 5.0297210791037989e-05
73 14 1.9814052735863416e-05
74 14 7.6207895137936082e-07
13 15 9.1449474165523768e-06
14 15 0.00023776863283036099
15 15 0.00060356652949245459
16 15 0.00023776863283036143
17 15 9.1449474165523954e-06
42 15 5.3345526596555536e-06
43 15 0.00013869836915104397
44 15 0.00035208047553726528
45 15 0.00013869836915104413
46 15 5.3345526596555646e-06
71 15 7.6207895137936484e-07
72 15 1.9814052735863416e-05
73 15 5.0297210791037887e-05
74 15 1.9814052735863453e-05
75 15 7.6207895137936664e-07
14 16 9.1449474165523277e-06
15 16 0.00023776863283036143
16 16 0.00060356652949245535
17 16 0.00023776863283036124
18 16 9.1449474165523107e-06
43 16 5.3345526596555256e-06
44 16 0.00013869836915104413
45 16 0.00035208047553726555
46 16 0.00013869836915104408
47 16 5.3345526596555154e-06
72 16 7.6207895137936082e-07
73 16 1.9814052735863453e-05
74 16 5.0297210791037961e-05
75 16 1.981405273586344e-05
76 16 7.6207895137935944e-07
15 17 9.1449474165523954e-06
16 17 0.00023776863283036124
17 17 0.00060356652949245654
18 17 0.00023776863283036121
19 17 9.1449474165524039e-06
44 17 5.3345526596555646e-06
45 17 0.00013869836915104408
46 17 0.00035208047553726631
47 17 0.00013869836915104405
48 17 5.334552659655568e-06
73 17 7.6207895137936664e-07
74 17 1.981405273586344e-05
75 17 5.0297210791038036e-05
76 17 1.9814052735863433e-05
77 17 7.6207895137936706e-07
16 18 9.1449474165523107e-06
17 18 0.00023776863283036121
18 18 0.00060356652949245459
19 18 0.0002377686328303611
20 18 9.1449474165523107e-06
45 18 5.3345526596555154e-06
46 18 0.00013869836915104405
47 18 0.00035208047553726517
48 18 0.00013869836915104399
49 18 5.3345526596555154e-06
74 18 7.6207895137935944e-07
75 18 1.9814052735863437e-05
76 18 5.0297210791037894e-05
77 18 1.9814052735863433e-05
78 18 7.6207895137935944e-07
17 19 9.1449474165524056e-06
18 19 0.0002377686328303611
19 19 0.00060356652949245557
20 19 0.00023776863283036137
21 19 9.1449474165523666e-06
46 19 5.334552659655568e-06
47 19 0.00013869836915104399
48 19 0.00035208047553726582
49 19 0.0001386983691510441
50 19 5.3345526596555459e-06
75 19 7.6207895137936706e-07
76 19 1.9814052735863433e-05
77 19 5.0297210791037968e-05
78 19 1.981405273586345e-05
79 19 7.6207895137936399e-07
18 20 9.1449474165523107e-06
19 20 0.00023776863283036137
20 20 0.00060356652949245405
21 20 0.00023776863283036108
22 20 9.1449474165523023e-06
47 20 5.3345526596555154e-06
48 20 0.0001386983691510441
49 20 0.00035208047553726479
50 20 0.00013869836915104399
51 20 5.3345526596555104e-06
76 20 7.6207895137935944e-07
77 20 1.981405273586345e-05
78 20 5.0297210791037853e-05
79 20 1.981405273586342e-05
80 20 7.620789513793587e-07
19 21 9.1449474165523666e-06
20 21 0.00023776863283036108
21 21 0.00060356652949245535
22 21 0.00023776863283036094
23 21 9.1449474165524497e-06
48 21 5.3345526596555459e-06
49 21 0.00013869836915104399
50 21 0.0003520804755372656
51 21 0.00013869836915104389
52 21 5.3345526596555951e-06
77 21 7.6207895137936399e-07
78 21 1.9814052735863426e-05
79 21 5.0297210791037955e-05
80 21 1.9814052735863413e-05
81 21 7.6207895137937088e-07
20 22 9.1449474165523023e-06
21 22 0.00023776863283036094
22 22 0.00060356652949245622
23 22 0.00023776863283036132
24 22 9.144947416552304e-06
49 22 5.3345526596555104e-06
50 22 0.00013869836915104389
51 22 0.00035208047553726614
52 22 0.00013869836915104408
53 22 5.3345526596555104e-06
78 22 7.620789513793587e-07
79 22 1.9814052735863413e-05
80 22 5.0297210791038029e-05
81 22 1.9814052735863447e-05
82 22 7.6207895137935881e-07
21 23 9.1449474165524497e-06
22 23 0.00023776863283036132
23 23 0.00060356652949245524
24 23 0.0002377686328303614
25 23 9.1449474165523751e-06
50 23 5.3345526596555951e-06
51 23 0.00013869836915104408
52 23 0.0003520804755372656
53 23 0.0001386983691510441
54 23 5.334552659655551e-06
79 23 7.6207895137937088e-07
80 23 1.9814052735863447e-05
81 23 5.0297210791037934e-05
82 23 1.9814052735863457e-05
83 23 7.6207895137936473e-07
22 24 9.144947416552304e-06
23 24 0.0002377686328303614
24 24 0.00060356652949245437
25 24 0.00023776863283036102
26 24 9.1449474165523023e-06
51 24 5.3345526596555104e-06
52 24 0.0001386983691510441
53 24 0.00035208047553726506
54 24 0.00013869836915104397
55 24 5.3345526596555104e-06
80 24 7.6207895137935881e-07
81 24 1.9814052735863457e-05
82 24 5.029721079103788e-05
83 24 1.981405273586342e-05
84 24 7.620789513793587e-07
23 25 9.1449474165523751e-06
24 25 0.00023776863283036102
25 25 0.00060356652949245535
26 25 0.00023776863283036124
27 25 9.1449474165524124e-06
52 25 5.334552659655551e-06
53 25 0.00013869836915104397
54 25 0.00035208047553726555
55 25 0.00013869836915104405
56 25 5.334552659655573e-06
81 25 7.6207895137936473e-07
82 25 1.981405273586342e-05
83 25 5.0297210791037955e-05
84 25 1.9814052735863437e-05
85 25 7.620789513793677e-07
24 26 9.1449474165523023e-06
25 26 0.00023776863283036124
26 26 0.00060356652949245557
27 26 0.00023776863283036129
28 26 9.1449474165523429e-06
53 26 5.3345526596555104e-06
54 26 0.00013869836915104405
55 26 0.00035208047553726576
56 26 0.00013869836915104408
57 26 5.3345526596555324e-06
82 26 7.620789513793587e-07
83 26 1.9814052735863437e-05
84 26 5.0297210791037989e-05
85 26 1.981405273586344e-05
86 26 7.6207895137936198e-07
25 27 9.1449474165524124e-06
26 27 0.00023776863283036129
27 27 0.00060356652949245632
28 27 0.00022862368541380873
29 27 1.828989483310471e-05
54 27 5.334552659655573e-06
55 27 0.00013869836915104405
56 27 0.00035208047553726609
57 27 0.00013336381649138845
58 27 1.066910531931108e-05
83 27 7.620789513793677e-07
84 27 1.981405273586344e-05
85 27 5.0297210791038016e-05
86 27 1.905197378448407e-05
87 27 1.5241579027587259e-06
26 28 9.1449474165523429e-06
27 28 0.00022862368541380873
28 28 0.00036579789666209284
29 28 0.00012802926383173314
55 28 5.3345526596555324e-06
56 28 0.00013336381649138845
57 28 0.0002133821063862209
58 28 7.4683737235177694e-05
84 28 7.6207895137936177e-07
85 28 1.905197378448407e-05
86 28 3.048315805517441e-05
87 28 1.0669105319311099e-05
27 29 1.828989483310471e-05
28 29 0.00012802926383173317
29 29 0.00021947873799725597
56 29 1.066910531931108e-05
57 29 7.4683737235177694e-05
58 29 0.00012802926383173268
85 29 1.5241579027587259e-06
86 29 1.0669105319311099e-05
87 29 1.8289894833104666e-05
1 30 0.00012802926383173295
2 30 7.4683737235177572e-05
3 30 1.0669105319311085e-05
30 30 0.00036579789666209403
31 30 0.00021338210638622158
32 30 3.0483158055174539e-05
59 30 0.00022862368541380889
60 30 0.0001333638164913885
61 30 1.9051973784484073e-05
88 30 9.1449474165523599e-06
89 30 5.3345526596555426e-06
90 30 7.6207895137936325e-07
1 31 7.4683737235177572e-05
2 31 0.00021338210638622163
3 31 0.00013336381649138853
4 31 5.3345526596555426e-06
30 31 0.00021338210638622161
31 31 0.00060966316110349023
32 31 0.00038103947568968145
33 31 1.5241579027587271e-05
59 31 0.0001333638164913885
60 31 0.00038103947568968139
61 31 0.00023814967230605084
62 31 9.5259868922420382e-06
88 31 5.3345526596555426e-06
89 31 1.5241579027587269e-05
90 31 9.5259868922420348e-06
91 31 3.8103947568968168e-07
1 32 1.0669105319311085e-05
2 32 0.0001333638164913885
3 32 0.0003520804755372656
4 32 0.00013869836915104405
5 32 5.3345526596555426e-06
30 32 3.0483158055174532e-05
31 32 0.00038103947568968145
32 32 0.0010059442158207581
33 32 0.00039628105471726876
34 32 1.5241579027587271e-05
59 32 1.9051973784484073e-05
60 32 0.00023814967230605086
61 32 0.00062871513488797434
62 32 0.00024767565919829289
63 32 9.5259868922420382e-06
88 32 7.6207895137936325e-07
89 32 9.5259868922420348e-06
90 32 2.5148605395518971e-05
91 32 9.9070263679317183e-06
92 32 3.8103947568968168e-07
2 33 5.3345526596555426e-06
3 33 0.00013869836915104405
4 33 0.00035208047553726555
5 33 0.00013869836915104405
6 33 5.3345526596555442e-06
31 33 1.5241579027587271e-05
32 33 0.00039628105471726876
33 33 0.0010059442158207581
34 33 0.00039628105471726876
35 33 1.5241579027587274e-05
60 33 9.5259868922420382e-06
61 33 0.00024767565919829295
62 33 0.00062871513488797423
63 33 0.00024767565919829289
64 33 9.5259868922420399e-06
89 33 3.8103947568968168e-07
90 33 9.9070263679317183e-06
91 33 2.5148605395518967e-05
92 33 9.9070263679317183e-06
93 33 3.8103947568968178e-07
3 34 5.3345526596555426e-06
4 34 0.00013869836915104405
5 34 0.00035208047553726576
6 34 0.00013869836915104399
7 34 5.3345526596555366e-06
32 34 1.5241579027587271e-05
33 34 0.00039628105471726876
34 34 0.0010059442158207583
35 34 0.0003962810547172687
36 34 1.5241579027587251e-05
61 34 9.5259868922420382e-06
62 34 0.00024767565919829289
63 34 0.00062871513488797456
64 34 0.00024767565919829289
65 34 9.525986892242028e-06
90 34 3.8103947568968168e-07
91 34 9.9070263679317183e-06
92 34 2.5148605395518974e-05
93 34 9.9070263679317166e-06
94 34 3.8103947568968131e-07
4 35 5.3345526596555442e-06
5 35 0.00013869836915104399
6 35 0.00035208047553726533
7 35 0.0001386983691510441
8 35 5.3345526596555434e-06
33 35 1.5241579027587274e-05
34 35 0.0003962810547172687
35 35 0.0010059442158207577
36 35 0.00039628105471726887
37 35 1.5241579027587271e-05
62 35 9.5259868922420399e-06
63 35 0.00024767565919829289
64 35 0.0006287151348879738
65 35 0.00024767565919829295
66 35 9.5259868922420382e-06
91 35 3.8103947568968178e-07
92 35 9.9070263679317166e-06
93 35 2.514860539551896e-05
94 35 9.9070263679317183e-06
95 35 3.8103947568968173e-07
5 36 5.3345526596555358e-06
6 36 0.0001386983691510441
7 36 0.00035208047553726566
8 36 0.00013869836915104399
9 36 5.3345526596555383e-06
34 36 1.5241579027587249e-05
35 36 0.00039628105471726887
36 36 0.0010059442158207581
37 36 0.0003962810547172687
38 36 1.5241579027587257e-05
63 36 9.525986892242028e-06
64 36 0.00024767565919829295
65 36 0.00062871513488797434
66 36 0.00024767565919829284
67 36 9.5259868922420331e-06
92 36 3.8103947568968131e-07
93 36 9.9070263679317183e-06
94 36 2.5148605395518974e-05
95 36 9.9070263679317166e-06
96 36 3.8103947568968141e-07
6 37 5.3345526596555434e-06
7 37 0.00013869836915104399
8 37 0.00035208047553726555
9 37 0.00013869836915104394
10 37 5.3345526596555417e-06
35 37 1.5241579027587271e-05
36 37 0.0003962810547172687
37 37 0.0010059442158207581
38 37 0.00039628105471726876
39 37 1.5241579027587269e-05
64 37 9.5259868922420382e-06
65 37 0.00024767565919829289
66 37 0.00062871513488797423
67 37 0.00024767565919829284
68 37 9.5259868922420382e-06
93 37 3.8103947568968173e-07
94 37 9.9070263679317166e-06
95 37 2.5148605395518967e-05
96 37 9.9070263679317166e-06
97 37 3.8103947568968173e-07
7 38 5.3345526596555383e-06
8 38 0.00013869836915104394
9 38 0.00035208047553726582
10 38 0.00013869836915104424
11 38 5.3345526596555426e-06
36 38 1.5241579027587257e-05
37 38 0.0003962810547172687
38 38 0.0010059442158207588
39 38 0.00039628105471726946
40 38 1.5241579027587269e-05
65 38 9.5259868922420331e-06
66 38 0.00024767565919829278
67 38 0.00062871513488797456
68 38 0.00024767565919829333
69 38 9.5259868922420365e-06
94 38 3.8103947568968141e-07
95 38 9.9070263679317166e-06
96 38 2.5148605395518974e-05
97 38 9.9070263679317369e-06
98 38 3.8103947568968168e-07
8 39 5.3345526596555426e-06
9 39 0.00013869836915104424
10 39 0.00035208047553726571
11 39 0.00013869836915104389
12 39 5.334552659655529e-06
37 39 1.5241579027587266e-05
38 39 0.00039628105471726941
39 39 0.001005944215820759
40 39 0.00039628105471726843
41 39 1.524157902758723e-05
66 39 9.5259868922420382e-06
67 39 0.00024767565919829333
68 39 0.00062871513488797456
69 39 0.00024767565919829268
70 39 9.5259868922420162e-06
95 39 3.8103947568968173e-07
96 39 9.9070263679317369e-06
97 39 2.5148605395518981e-05
98 39 9.9070263679317081e-06
99 39 3.8103947568968083e-07
9 40 5.3345526596555426e-06
10 40 0.00013869836915104389
11 40 0.00035208047553726522
12 40 0.00013869836915104413
13 40 5.3345526596555536e-06
38 40 1.5241579027587269e-05
39 40 0.00039628105471726838
40 40 0.0010059442158207573
41 40 0.00039628105471726919
42 40 1.5241579027587296e-05
67 40 9.5259868922420365e-06
68 40 0.00024767565919829268
69 40 0.00062871513488797347
70 40 0.00024767565919829311
71 40 9.5259868922420552e-06
96 40 3.8103947568968168e-07
97 40 9.9070263679317081e-06
98 40 2.514860539551894e-05
99 40 9.9070263679317318e-06
100 40 3.8103947568968242e-07
10 41 5.334552659655529e-06
11 41 0.0001386983691510441
12 41 0.00035208047553726598
13 41 0.00013869836915104394
14 41 5.3345526596555315e-06
39 41 1.5241579027587232e-05
40 41 0.00039628105471726914
41 41 0.0010059442158207596
42 41 0.00039628105471726854
43 41 1.5241579027587239e-05
68 41 9.5259868922420162e-06
69 41 0.00024767565919829311
70 41 0.00062871513488797499
71 41 0.00024767565919829273
72 41 9.5259868922420179e-06
97 41 3.8103947568968083e-07
98 41 9.9070263679317318e-06
99 41 2.5148605395519001e-05
100 41 9.9070263679317132e-06
101 41 3.8103947568968099e-07
11 42 5.3345526596555527e-06
12 42 0.00013869836915104394
13 42 0.00035208047553726538
14 42 0.0001386983691510441
15 42 5.3345526596555536e-06
40 42 1.5241579027587296e-05
41 42 0.00039628105471726849
42 42 0.0010059442158207575
43 42 0.00039628105471726919
44 42 1.5241579027587296e-05
69 42 9.5259868922420552e-06
70 42 0.00024767565919829273
71 42 0.00062871513488797358
72 42 0.00024767565919829311
73 42 9.5259868922420552e-06
98 42 3.8103947568968242e-07
99 42 9.9070263679317132e-06
100 42 2.5148605395518947e-05
101 42 9.9070263679317301e-06
102 42 3.8103947568968242e-07
12 43 5.3345526596555315e-06
13 43 0.0001386983691510441
14 43 0.00035208047553726587
15 43 0.00013869836915104397
16 43 5.3345526596555248e-06
41 43 1.5241579027587239e-05
42 43 0.00039628105471726914
43 43 0.0010059442158207594
44 43 0.00039628105471726854
45 43 1.5241579027587218e-05
70 43 9.5259868922420179e-06
71 43 0.00024767565919829305
72 43 0.00062871513488797477
73 43 0.00024767565919829273
74 43 9.5259868922420094e-06
99 43 3.8103947568968099e-07
100 43 9.9070263679317301e-06
101 43 2.5148605395518994e-05
102 43 9.9070263679317098e-06
103 43 3.8103947568968057e-07
13 44 5.3345526596555527e-06
14 44 0.00013869836915104397
15 44 0.00035208047553726533
16 44 0.00013869836915104413
17 44 5.3345526596555637e-06
42 44 1.5241579027587296e-05
43 44 0.00039628105471726849
44 44 0.0010059442158207579
45 44 0.00039628105471726935
46 44 1.5241579027587337e-05
71 44 9.5259868922420552e-06
72 44 0.00024767565919829273
73 44 0.00062871513488797401
74 44 0.00024767565919829316
75 44 9.5259868922420789e-06
100 44 3.8103947568968242e-07
101 44 9.9070263679317098e-06
102 44 2.5148605395518947e-05
103 44 9.9070263679317301e-06
104 44 3.8103947568968337e-07
14 45 5.3345526596555256e-06
15 45 0.00013869836915104413
16 45 0.0003520804755372656
17 45 0.00013869836915104408
18 45 5.3345526596555154e-06
43 45 1.5241579027587218e-05
44 45 0.00039628105471726935
45 45 0.0010059442158207586
46 45 0.00039628105471726892
47 45 1.5241579027587186e-05
72 45 9.5259868922420094e-06
73 45 0.00024767565919829316
74 45 0.00062871513488797434
75 45 0.000247675659198293
76 45 9.5259868922419891e-06
101 45 3.8103947568968057e-07
102 45 9.9070263679317301e-06
103 45 2.5148605395518988e-05
104 45 9.9070263679317199e-06
105 45 3.8103947568967977e-07
15 46 5.3345526596555646e-06
16 46 0.00013869836915104408
17 46 0.00035208047553726631
18 46 0.00013869836915104405
19 46 5.3345526596555688e-06
44 46 1.5241579027587337e-05
45 46 0.00039628105471726892
46 46 0.0010059442158207605
47 46 0.00039628105471726887
48 46 1.5241579027587351e-05
73 46 9.5259868922420789e-06
74 46 0.000247675659198293
75 46 0.00062871513488797607
76 46 0.00024767565919829289
77 46 9.525986892242089e-06
102 46 3.8103947568968337e-07
103 46 9.9070263679317233e-06
104 46 2.5148605395519021e-05
105 46 9.9070263679317199e-06
106 46 3.8103947568968364e-07
16 47 5.3345526596555154e-06
17 47 0.00013869836915104405
18 47 0.00035208047553726511
19 47 0.00013869836915104399
20 47 5.3345526596555154e-06
45 47 1.5241579027587186e-05
46 47 0.00039628105471726892
47 47 0.0010059442158207573
48 47 0.0003962810547172687
49 47 1.5241579027587186e-05
74 47 9.5259868922419891e-06
75 47 0.00024767565919829284
76 47 0.00062871513488797369
77 47 0.00024767565919829284
78 47 9.5259868922419891e-06
103 47 3.8103947568967977e-07
104 47 9.9070263679317199e-06
105 47 2.5148605395518947e-05
106 47 9.9070263679317166e-06
107 47 3.8103947568967977e-07
17 48 5.3345526596555688e-06
18 48 0.00013869836915104399
19 48 0.00035208047553726582
20 48 0.00013869836915104413
21 48 5.3345526596555459e-06
46 48 1.5241579027587351e-05
47 48 0.0003962810547172687
48 48 0.0010059442158207594
49 48 0.00039628105471726919
50 48 1.5241579027587283e-05
75 48 9.525986892242089e-06
76 48 0.00024767565919829284
77 48 0.00062871513488797521
78 48 0.00024767565919829311
79 48 9.525986892242045e-06
104 48 3.8103947568968364e-07
105 48 9.9070263679317166e-06
106 48 2.5148605395518984e-05
107 48 9.907026367931725e-06
108 48 3.810394756896821e-07
18 49 5.3345526596555154e-06
19 49 0.0001386983691510441
20 49 0.00035208047553726479
21 49 0.00013869836915104399
22 49 5.3345526596555104e-06
47 49 1.5241579027587186e-05
48 49 0.00039628105471726925
49 49 0.0010059442158207564
50 49 0.0003962810547172687
51 49 1.5241579027587174e-05
76 49 9.5259868922419891e-06
77 49 0.00024767565919829311
78 49 0.00062871513488797304
79 49 0.00024767565919829284
80 49 9.5259868922419806e-06
105 49 3.8103947568967977e-07
106 49 9.907026367931725e-06
107 49 2.5148605395518927e-05
108 49 9.9070263679317132e-06
109 49 3.810394756896794e-07
19 50 5.3345526596555459e-06
20 50 0.00013869836915104399
21 50 0.0003520804755372656
22 50 0.00013869836915104389
23 50 5.3345526596555951e-06
48 50 1.5241579027587283e-05
49 50 0.0003962810547172687
50 50 0.0010059442158207588
51 50 0.00039628105471726843
52 50 1.5241579027587427e-05
77 50 9.525986892242045e-06
78 50 0.00024767565919829278
79 50 0.00062871513488797434
80 50 0.00024767565919829251
81 50 9.5259868922421348e-06
106 50 3.810394756896821e-07
107 50 9.9070263679317132e-06
108 50 2.5148605395518981e-05
109 50 9.9070263679317098e-06
110 50 3.8103947568968549e-07
20 51 5.3345526596555104e-06
21 51 0.00013869836915104389
22 51 0.00035208047553726609
23 51 0.00013869836915104408
24 51 5.3345526596555104e-06
49 51 1.5241579027587174e-05
50 51 0.00039628105471726843
51 51 0.0010059442158207601
52 51 0.00039628105471726897
53 51 1.5241579027587174e-05
78 51 9.5259868922419806e-06
79 51 0.00024767565919829251
80 51 0.00062871513488797542
81 51 0.000247675659198293
82 51 9.5259868922419806e-06
107 51 3.810394756896794e-07
108 51 9.9070263679317081e-06
109 51 2.5148605395519021e-05
110 51 9.9070263679317233e-06
111 51 3.810394756896794e-07
21 52 5.3345526596555951e-06
22 52 0.00013869836915104408
23 52 0.0003520804755372656
24 52 0.00013869836915104413
25 52 5.334552659655551e-06
50 52 1.5241579027587427e-05
51 52 0.00039628105471726897
52 52 0.001005944215820759
53 52 0.00039628105471726919
54 52 1.5241579027587296e-05
79 52 9.5259868922421348e-06
80 52 0.00024767565919829305
81 52 0.00062871513488797477
82 52 0.00024767565919829311
83 52 9.5259868922420535e-06
108 52 3.8103947568968554e-07
109 52 9.9070263679317267e-06
110 52 2.5148605395518971e-05
111 52 9.9070263679317284e-06
112 52 3.8103947568968247e-07
22 53 5.3345526596555104e-06
23 53 0.0001386983691510441
24 53 0.00035208047553726506
25 53 0.00013869836915104397
26 53 5.3345526596555104e-06
51 53 1.5241579027587174e-05
52 53 0.00039628105471726925
53 53 0.001005944215820757
54 53 0.00039628105471726859
55 53 1.5241579027587174e-05
80 53 9.5259868922419806e-06
81 53 0.00024767565919829311
82 53 0.00062871513488797347
83 53 0.00024767565919829278
84 53 9.5259868922419806e-06
109 53 3.810394756896794e-07
110 53 9.9070263679317284e-06
111 53 2.514860539551894e-05
112 53 9.9070263679317098e-06
113 53 3.810394756896794e-07
23 54 5.334552659655551e-06
24 54 0.00013869836915104397
25 54 0.00035208047553726555
26 54 0.00013869836915104405
27 54 5.334552659655573e-06
52 54 1.5241579027587296e-05
53 54 0.00039628105471726859
54 54 0.0010059442158207588
55 54 0.00039628105471726887
56 54 1.5241579027587362e-05
81 54 9.5259868922420535e-06
82 54 0.00024767565919829273
83 54 0.00062871513488797466
84 54 0.00024767565919829284
85 54 9.5259868922420958e-06
110 54 3.8103947568968247e-07
111 54 9.9070263679317132e-06
112 54 2.5148605395518977e-05
113 54 9.9070263679317199e-06
114 54 3.8103947568968396e-07
24 55 5.3345526596555104e-06
25 55 0.00013869836915104405
26 55 0.00035208047553726576
27 55 0.00013869836915104408
28 55 5.3345526596555332e-06
53 55 1.5241579027587174e-05
54 55 0.00039628105471726892
55 55 0.0010059442158207592
56 55 0.00039628105471726892
57 55 1.5241579027587235e-05
82 55 9.5259868922419806e-06
83 55 0.00024767565919829284
84 55 0.00062871513488797488
85 55 0.00024767565919829289
86 55 9.5259868922420196e-06
111 55 3.810394756896794e-07
112 55 9.9070263679317183e-06
113 55 2.5148605395518994e-05
114 55 9.9070263679317199e-06
115 55 3.8103947568968099e-07
25 56 5.334552659655573e-06
26 56 0.00013869836915104408
27 56 0.00035208047553726609
28 56 0.00013336381649138845
29 56 1.0669105319311078e-05
54 56 1.5241579027587362e-05
55 56 0.00039628105471726892
56 56 0.0010059442158207603
57 56 0.00038103947568968145
58 56 3.0483158055174515e-05
83 56 9.5259868922420958e-06
84 56 0.00024767565919829295
85 56 0.00062871513488797575
86 56 0.00023814967230605084
87 56 1.905197378448407e-05
112 56 3.8103947568968396e-07
113 56 9.9070263679317233e-06
114 56 2.5148605395519008e-05
115 56 9.5259868922420348e-06
116 56 7.6207895137936315e-07
26 57 5.3345526596555324e-06
27 57 0.00013336381649138845
28 57 0.00021338210638622093
29 57 7.4683737235177694e-05
55 57 1.5241579027587234e-05
56 57 0.00038103947568968139
57 57 0.00060966316110348839
58 57 0.00021338210638622201
84 57 9.5259868922420196e-06
85 57 0.00023814967230605084
86 57 0.00038103947568968036
87 57 0.00013336381649138875
113 57 3.8103947568968099e-07
114 57 9.5259868922420348e-06
115 57 1.524157902758721e-05
116 57 5.334552659655551e-06
27 58 1.0669105319311078e-05
28 58 7.4683737235177694e-05
29 58 0.00012802926383173268
56 58 3.0483158055174515e-05
57 58 0.00021338210638622199
58 58 0.00036579789666209338
85 58 1.905197378448407e-05
86 58 0.00013336381649138875
87 58 0.00022862368541380835
114 58 7.6207895137936315e-07
115 58 5.334552659655551e-06
116 58 9.1449474165523362e-06
1 59 1.8289894833104716e-05
2 59 1.0669105319311085e-05
3 59 1.5241579027587263e-06
30 59 0.00022862368541380886
31 59 0.0001333638164913885
32 59 1.9051973784484073e-05
59 59 0.00060356652949245513
60 59 0.00035208047553726549
61 59 5.0297210791037941e-05
88 59 0.00023776863283036116
89 59 0.00013869836915104405
90 59 1.9814052735863433e-05
117 59 9.1449474165523599e-06
118 59 5.3345526596555426e-06
119 59 7.6207895137936325e-07
1 60 1.0669105319311085e-05
2 60 3.0483158055174535e-05
3 60 1.9051973784484063e-05
4 60 7.6207895137936315e-07
30 60 0.0001333638164913885
31 60 0.00038103947568968134
32 60 0.00023814967230605084
33 60 9.5259868922420382e-06
59 60 0.00035208047553726549
60 60 0.001005944215820759
61 60 0.00062871513488797423
62 60 2.5148605395518971e-05
88 60 0.00013869836915104402
89 60 0.00039628105471726892
90 60 0.00024767565919829289
91 60 9.9070263679317199e-06
117 60 5.3345526596555426e-06
118 60 1.5241579027587269e-05
119 60 9.5259868922420348e-06
120 60 3.8103947568968168e-07
1 61 1.5241579027587263e-06
2 61 1.9051973784484063e-05
3 61 5.0297210791037928e-05
4 61 1.981405273586343e-05
5 61 7.6207895137936315e-07
30 61 1.9051973784484073e-05
31 61 0.00023814967230605084
32 61 0.00062871513488797434
33 61 0.00024767565919829289
34 61 9.5259868922420382e-06
59 61 5.0297210791037941e-05
60 61 0.00062871513488797423
61 61 0.0016598079561042525
62 61 0.00065386374028349333
63 61 2.5148605395518971e-05
88 61 1.9814052735863433e-05
89 61 0.00024767565919829289
90 61 0.0006538637402834929
91 61 0.00025758268556622463
92 61 9.9070263679317199e-06
117 61 7.6207895137936325e-07
118 61 9.5259868922420348e-06
119 61 2.5148605395518971e-05
120 61 9.9070263679317183e-06
121 61 3.8103947568968168e-07
2 62 7.6207895137936315e-07
3 62 1.981405273586343e-05
4 62 5.0297210791037928e-05
5 62 1.981405273586343e-05
6 62 7.6207895137936336e-07
31 62 9.5259868922420382e-06
32 62 0.00024767565919829289
33 62 0.00062871513488797423
34 62 0.00024767565919829289
35 62 9.5259868922420399e-06
60 62 2.5148605395518971e-05
61 62 0.00065386374028349333
62 62 0.0016598079561042523
63 62 0.00065386374028349333
64 62 2.5148605395518974e-05
89 62 9.9070263679317199e-06
90 62 0.00025758268556622463
91 62 0.0006538637402834929
92 62 0.00025758268556622463
93 62 9.9070263679317199e-06
118 62 3.8103947568968168e-07
119 62 9.9070263679317183e-06
120 62 2.5148605395518967e-05
121 62 9.9070263679317183e-06
122 62 3.8103947568968178e-07
3 63 7.6207895137936315e-07
4 63 1.981405273586343e-05
5 63 5.0297210791037941e-05
6 63 1.9814052735863426e-05
7 63 7.6207895137936251e-07
32 63 9.5259868922420382e-06
33 63 0.00024767565919829289
34 63 0.00062871513488797456
35 63 0.00024767565919829289
36 63 9.525986892242028e-06
61 63 2.5148605395518971e-05
62 63 0.00065386374028349322
63 63 0.0016598079561042532
64 63 0.00065386374028349333
65 63 2.514860539551895e-05
90 63 9.9070263679317199e-06
91 63 0.00025758268556622463
92 63 0.00065386374028349311
93 63 0.00025758268556622463
94 63 9.9070263679317064e-06
119 63 3.8103947568968168e-07
120 63 9.9070263679317183e-06
121 63 2.5148605395518974e-05
122 63 9.9070263679317166e-06
123 63 3.8103947568968131e-07
4 64 7.6207895137936336e-07
5 64 1.9814052735863426e-05
6 64 5.0297210791037914e-05
7 64 1.981405273586343e-05
8 64 7.6207895137936325e-07
33 64 9.5259868922420399e-06
34 64 0.00024767565919829289
35 64 0.0006287151348879738
36 64 0.00024767565919829295
37 64 9.5259868922420382e-06
62 64 2.5148605395518974e-05
63 64 0.00065386374028349322
64 64 0.0016598079561042512
65 64 0.00065386374028349344
66 64 2.5148605395518974e-05
91 64 9.9070263679317199e-06
92 64 0.00025758268556622463
93 64 0.00065386374028349246
94 64 0.00025758268556622474
95 64 9.9070263679317199e-06
120 64 3.8103947568968178e-07
121 64 9.9070263679317166e-06
122 64 2.514860539551896e-05
123 64 9.9070263679317183e-06
124 64 3.8103947568968173e-07
5 65 7.6207895137936251e-07
6 65 1.981405273586343e-05
7 65 5.0297210791037941e-05
8 65 1.9814052735863426e-05
9 65 7.6207895137936283e-07
34 65 9.525986892242028e-06
35 65 0.00024767565919829295
36 65 0.00062871513488797434
37 65 0.00024767565919829289
38 65 9.5259868922420331e-06
63 65 2.514860539551895e-05
64 65 0.00065386374028349344
65 65 0.0016598079561042527
66 65 0.00065386374028349333
67 65 2.5148605395518957e-05
92 65 9.9070263679317064e-06
93 65 0.00025758268556622468
94 65 0.000653863740283493
95 65 0.00025758268556622463
96 65 9.9070263679317098e-06
121 65 3.8103947568968131e-07
122 65 9.9070263679317183e-06
123 65 2.5148605395518974e-05
124 65 9.9070263679317166e-06
125 65 3.8103947568968141e-07
6 66 7.6207895137936325e-07
7 66 1.9814052735863426e-05
8 66 5.0297210791037928e-05
9 66 1.9814052735863426e-05
10 66 7.6207895137936346e-07
35 66 9.5259868922420382e-06
36 66 0.00024767565919829289
37 66 0.00062871513488797423
38 66 0.00024767565919829278
39 66 9.5259868922420382e-06
64 66 2.5148605395518974e-05
65 66 0.00065386374028349322
66 66 0.0016598079561042523
67 66 0.00065386374028349322
68 66 2.5148605395518977e-05
93 66 9.9070263679317199e-06
94 66 0.00025758268556622463
95 66 0.0006538637402834929
96 66 0.00025758268556622452
97 66 9.9070263679317166e-06
122 66 3.8103947568968173e-07
123 66 9.9070263679317166e-06
124 66 2.5148605395518967e-05
125 66 9.9070263679317166e-06
126 66 3.8103947568968173e-07
7 67 7.6207895137936283e-07
8 67 1.9814052735863426e-05
9 67 5.0297210791037948e-05
10 67 1.981405273586347e-05
11 67 7.6207895137936336e-07
36 67 9.5259868922420331e-06
37 67 0.00024767565919829278
38 67 0.00062871513488797456
39 67 0.00024767565919829333
40 67 9.5259868922420365e-06
65 67 2.5148605395518957e-05
66 67 0.000653863740283493
67 67 0.0016598079561042532
68 67 0.00065386374028349431
69 67 2.5148605395518974e-05
94 67 9.9070263679317132e-06
95 67 0.00025758268556622452
96 67 0.00065386374028349333
97 67 0.00025758268556622506
98 67 9.9070263679317149e-06
123 67 3.8103947568968141e-07
124 67 9.9070263679317166e-06
125 67 2.5148605395518974e-05
126 67 9.9070263679317369e-06
127 67 3.8103947568968168e-07
8 68 7.6207895137936346e-07
9 68 1.981405273586347e-05
10 68 5.0297210791037961e-05
11 68 1.9814052735863409e-05
12 68 7.6207895137936166e-07
37 68 9.5259868922420382e-06
38 68 0.00024767565919829333
39 68 0.00062871513488797456
40 68 0.00024767565919829268
41 68 9.5259868922420162e-06
66 68 2.5148605395518977e-05
67 68 0.00065386374028349431
68 68 0.0016598079561042532
69 68 0.00065386374028349279
70 68 2.5148605395518923e-05
95 68 9.9070263679317166e-06
96 68 0.00025758268556622506
97 68 0.00065386374028349333
98 68 0.00025758268556622436
99 68 9.9070263679316928e-06
124 68 3.8103947568968173e-07
125 68 9.9070263679317369e-06
126 68 2.5148605395518981e-05
127 68 9.9070263679317081e-06
128 68 3.8103947568968083e-07
9 69 7.6207895137936336e-07
10 69 1.9814052735863409e-05
11 69 5.0297210791037873e-05
12 69 1.9814052735863453e-05
13 69 7.6207895137936484e-07
38 69 9.5259868922420365e-06
39 69 0.00024767565919829268
40 69 0.00062871513488797358
41 69 0.00024767565919829311
42 69 9.5259868922420552e-06
67 69 2.5148605395518974e-05
68 69 0.00065386374028349257
69 69 0.0016598079561042504
70 69 0.00065386374028349387
71 69 2.5148605395519018e-05
96 69 9.9070263679317149e-06
97 69 0.00025758268556622436
98 69 0.00065386374028349214
99 69 0.00025758268556622484
100 69 9.9070263679317352e-06
125 69 3.8103947568968168e-07
126 69 9.9070263679317081e-06
127 69 2.514860539551894e-05
128 69 9.9070263679317318e-06
129 69 3.8103947568968242e-07
10 70 7.6207895137936166e-07
11 70 1.9814052735863453e-05
12 70 5.0297210791038002e-05
13 70 1.9814052735863423e-05
14 70 7.6207895137936198e-07
39 70 9.5259868922420162e-06
40 70 0.00024767565919829311
41 70 0.00062871513488797499
42 70 0.00024767565919829273
43 70 9.5259868922420196e-06
68 70 2.5148605395518923e-05
69 70 0.00065386374028349387
70 70 0.0016598079561042545
71 70 0.00065386374028349279
72 70 2.514860539551893e-05
97 70 9.9070263679316928e-06
98 70 0.00025758268556622479
99 70 0.00065386374028349376
100 70 0.00025758268556622446
101 70 9.9070263679316962e-06
126 70 3.8103947568968083e-07
127 70 9.9070263679317318e-06
128 70 2.5148605395519001e-05
129 70 9.9070263679317132e-06
130 70 3.8103947568968099e-07
11 71 7.6207895137936484e-07
12 71 1.9814052735863423e-05
13 71 5.0297210791037887e-05
14 71 1.981405273586345e-05
15 71 7.6207895137936484e-07
40 71 9.5259868922420552e-06
41 71 0.00024767565919829273
42 71 0.00062871513488797358
43 71 0.00024767565919829305
44 71 9.5259868922420552e-06
69 71 2.5148605395519018e-05
70 71 0.00065386374028349279
71 71 0.0016598079561042508
72 71 0.00065386374028349387
73 71 2.5148605395519018e-05
98 71 9.9070263679317352e-06
99 71 0.00025758268556622446
100 71 0.00065386374028349246
101 71 0.00025758268556622479
102 71 9.9070263679317352e-06
127 71 3.8103947568968242e-07
128 71 9.9070263679317132e-06
129 71 2.5148605395518947e-05
130 71 9.9070263679317301e-06
131 71 3.8103947568968242e-07
12 72 7.6207895137936198e-07
13 72 1.981405273586345e-05
14 72 5.0297210791037989e-05
15 72 1.9814052735863416e-05
16 72 7.6207895137936082e-07
41 72 9.5259868922420196e-06
42 72 0.00024767565919829305
43 72 0.00062871513488797477
44 72 0.00024767565919829273
45 72 9.5259868922420094e-06
70 72 2.514860539551893e-05
71 72 0.00065386374028349387
72 72 0.0016598079561042541
73 72 0.00065386374028349279
74 72 2.5148605395518903e-05
99 72 9.9070263679316962e-06
100 72 0.00025758268556622479
101 72 0.00065386374028349355
102 72 0.00025758268556622446
103 72 9.9070263679316878e-06
128 72 3.8103947568968099e-07
129 72 9.9070263679317301e-06
130 72 2.5148605395518994e-05
131 72 9.9070263679317098e-06
132 72 3.8103947568968057e-07
13 73 7.6207895137936484e-07
14 73 1.9814052735863416e-05
15 73 5.0297210791037887e-05
16 73 1.9814052735863453e-05
17 73 7.6207895137936664e-07
42 73 9.5259868922420552e-06
43 73 0.00024767565919829273
44 73 0.00062871513488797401
45 73 0.00024767565919829316
46 73 9.5259868922420789e-06
71 73 2.5148605395519018e-05
72 73 0.00065386374028349279
73 73 0.0016598079561042514
74 73 0.0006538637402834942
75 73 2.5148605395519082e-05
100 73 9.9070263679317352e-06
101 73 0.00025758268556622446
102 73 0.0006538637402834929
103 73 0.00025758268556622484
104 73 9.9070263679317623e-06
129 73 3.8103947568968242e-07
130 73 9.9070263679317098e-06
131 73 2.5148605395518947e-05
132 73 9.9070263679317301e-06
133 73 3.8103947568968337e-07
14 74 7.6207895137936082e-07
15 74 1.9814052735863453e-05
16 74 5.0297210791037961e-05
17 74 1.981405273586344e-05
18 74 7.6207895137935944e-07
43 74 9.5259868922420094e-06
44 74 0.00024767565919829316
45 74 0.00062871513488797445
46 74 0.000247675659198293
47 74 9.5259868922419874e-06
72 74 2.5148605395518903e-05
73 74 0.0006538637402834942
74 74 0.0016598079561042521
75 74 0.00065386374028349355
76 74 2.5148605395518828e-05
101 74 9.9070263679316878e-06
102 74 0.00025758268556622484
103 74 0.00065386374028349311
104 74 0.00025758268556622468
105 74 9.9070263679316674e-06
130 74 3.8103947568968057e-07
131 74 9.9070263679317301e-06
132 74 2.5148605395518988e-05
133 74 9.9070263679317199e-06
134 74 3.8103947568967977e-07
15 75 7.6207895137936664e-07
16 75 1.981405273586344e-05
17 75 5.0297210791038036e-05
18 75 1.9814052735863437e-05
19 75 7.6207895137936717e-07
44 75 9.5259868922420789e-06
45 75 0.000247675659198293
46 75 0.00062871513488797586
47 75 0.00024767565919829284
48 75 9.525986892242089e-06
73 75 2.5148605395519082e-05
74 75 0.00065386374028349355
75 75 0.001659807956104256
76 75 0.00065386374028349333
77 75 2.5148605395519099e-05
102 75 9.9070263679317623e-06
103 75 0.00025758268556622468
104 75 0.00065386374028349474
105 75 0.00025758268556622452
106 75 9.9070263679317708e-06
131 75 3.8103947568968337e-07
132 75 9.9070263679317233e-06
133 75 2.5148605395519021e-05
134 75 9.9070263679317199e-06
135 75 3.8103947568968364e-07
