# Created by Octave 5.2.0, Wed Nov 03 11:09:18 2021 CET <omen@omen-linux>
# name: ans
# type: sparse matrix
# nnz: 5476
# rows: 256
# columns: 256
1 1 0.00081632653061224471
2 1 0.00047619047619047614
3 1 6.8027210884353726e-05
17 1 0.00047619047619047619
18 1 0.00027777777777777789
19 1 3.9682539682539689e-05
33 1 6.8027210884353726e-05
34 1 3.9682539682539689e-05
35 1 5.6689342403628144e-06
1 2 0.00047619047619047614
2 2 0.0013605442176870756
3 2 0.00085034013605442163
4 2 3.4013605442176856e-05
17 2 0.00027777777777777789
18 2 0.00079365079365079343
19 2 0.00049603174603174611
20 2 1.9841269841269838e-05
33 2 3.9682539682539689e-05
34 2 0.0001133786848072563
35 2 7.0861678004535176e-05
36 2 2.8344671201814064e-06
1 3 6.8027210884353726e-05
2 3 0.00085034013605442163
3 3 0.0022448979591836739
4 3 0.00088435374149659876
5 3 3.401360544217687e-05
17 3 3.9682539682539689e-05
18 3 0.00049603174603174611
19 3 0.0013095238095238101
20 3 0.00051587301587301604
21 3 1.9841269841269845e-05
33 3 5.6689342403628144e-06
34 3 7.0861678004535176e-05
35 3 0.00018707482993197285
36 3 7.3696145124716586e-05
37 3 2.8344671201814076e-06
2 4 3.4013605442176856e-05
3 4 0.00088435374149659876
4 4 0.0022448979591836735
5 4 0.00088435374149659822
6 4 3.4013605442176863e-05
18 4 1.9841269841269838e-05
19 4 0.00051587301587301604
20 4 0.0013095238095238099
21 4 0.00051587301587301582
22 4 1.9841269841269838e-05
34 4 2.8344671201814064e-06
35 4 7.3696145124716586e-05
36 4 0.00018707482993197283
37 4 7.3696145124716532e-05
38 4 2.834467120181406e-06
3 5 3.401360544217687e-05
4 5 0.00088435374149659822
5 5 0.0022448979591836735
6 5 0.00088435374149659909
7 5 3.401360544217687e-05
19 5 1.9841269841269845e-05
20 5 0.00051587301587301582
21 5 0.0013095238095238103
22 5 0.00051587301587301614
23 5 1.9841269841269845e-05
35 5 2.8344671201814076e-06
36 5 7.3696145124716532e-05
37 5 0.00018707482993197291
38 5 7.3696145124716586e-05
39 5 2.8344671201814068e-06
4 6 3.4013605442176863e-05
5 6 0.00088435374149659898
6 6 0.0022448979591836731
7 6 0.00088435374149659833
8 6 3.4013605442176822e-05
20 6 1.9841269841269838e-05
21 6 0.00051587301587301614
22 6 0.0013095238095238095
23 6 0.00051587301587301571
24 6 1.9841269841269818e-05
36 6 2.834467120181406e-06
37 6 7.3696145124716586e-05
38 6 0.00018707482993197285
39 6 7.3696145124716573e-05
40 6 2.8344671201814034e-06
5 7 3.401360544217687e-05
6 7 0.00088435374149659822
7 7 0.0022448979591836731
8 7 0.00088435374149659844
9 7 3.4013605442176883e-05
21 7 1.9841269841269845e-05
22 7 0.00051587301587301571
23 7 0.0013095238095238097
24 7 0.00051587301587301582
25 7 1.9841269841269851e-05
37 7 2.8344671201814068e-06
38 7 7.3696145124716573e-05
39 7 0.00018707482993197283
40 7 7.3696145124716518e-05
41 7 2.8344671201814081e-06
6 8 3.4013605442176829e-05
7 8 0.00088435374149659844
8 8 0.0022448979591836726
9 8 0.00088435374149659844
10 8 3.4013605442176883e-05
22 8 1.9841269841269818e-05
23 8 0.00051587301587301582
24 8 0.0013095238095238088
25 8 0.00051587301587301582
26 8 1.9841269841269855e-05
38 8 2.8344671201814034e-06
39 8 7.3696145124716518e-05
40 8 0.00018707482993197283
41 8 7.3696145124716573e-05
42 8 2.8344671201814076e-06
7 9 3.4013605442176883e-05
8 9 0.00088435374149659844
9 9 0.0022448979591836752
10 9 0.000884353741496598
11 9 3.4013605442176924e-05
23 9 1.9841269841269851e-05
24 9 0.00051587301587301582
25 9 0.001309523809523811
26 9 0.0005158730158730156
27 9 1.9841269841269875e-05
39 9 2.8344671201814081e-06
40 9 7.3696145124716573e-05
41 9 0.00018707482993197302
42 9 7.3696145124716478e-05
43 9 2.834467120181411e-06
8 10 3.4013605442176883e-05
9 10 0.0008843537414965979
10 10 0.0022448979591836722
11 10 0.00088435374149659941
12 10 3.4013605442176897e-05
24 10 1.9841269841269855e-05
25 10 0.0005158730158730156
26 10 0.0013095238095238088
27 10 0.00051587301587301647
28 10 1.9841269841269858e-05
40 10 2.8344671201814076e-06
41 10 7.3696145124716478e-05
42 10 0.00018707482993197272
43 10 7.3696145124716627e-05
44 10 2.8344671201814098e-06
9 11 3.4013605442176924e-05
10 11 0.00088435374149659941
11 11 0.0022448979591836757
12 11 0.00088435374149659822
13 11 3.4013605442176788e-05
25 11 1.9841269841269875e-05
26 11 0.00051587301587301647
27 11 0.0013095238095238114
28 11 0.00051587301587301571
29 11 1.9841269841269794e-05
41 11 2.834467120181411e-06
42 11 7.369614512471664e-05
43 11 0.00018707482993197304
44 11 7.3696145124716532e-05
45 11 2.8344671201813992e-06
10 12 3.4013605442176897e-05
11 12 0.00088435374149659822
12 12 0.0022448979591836713
13 12 0.00088435374149659822
14 12 3.401360544217689e-05
26 12 1.9841269841269858e-05
27 12 0.00051587301587301571
28 12 0.0013095238095238082
29 12 0.0005158730158730156
30 12 1.9841269841269858e-05
42 12 2.8344671201814093e-06
43 12 7.3696145124716532e-05
44 12 0.00018707482993197267
45 12 7.3696145124716545e-05
46 12 2.8344671201814098e-06
11 13 3.4013605442176788e-05
12 13 0.00088435374149659822
13 13 0.0022448979591836748
14 13 0.0008843537414965992
15 13 3.4013605442176849e-05
27 13 1.9841269841269794e-05
28 13 0.0005158730158730156
29 13 0.001309523809523811
30 13 0.00051587301587301625
31 13 1.9841269841269831e-05
43 13 2.8344671201813992e-06
44 13 7.3696145124716545e-05
45 13 0.00018707482993197304
46 13 7.3696145124716586e-05
47 13 2.8344671201814051e-06
12 14 3.4013605442176904e-05
13 14 0.0008843537414965992
14 14 0.0022448979591836713
15 14 0.00085034013605442174
16 14 6.8027210884353794e-05
28 14 1.9841269841269862e-05
29 14 0.00051587301587301625
30 14 0.0013095238095238082
31 14 0.00049603174603174622
32 14 3.9682539682539716e-05
44 14 2.8344671201814098e-06
45 14 7.3696145124716586e-05
46 14 0.00018707482993197261
47 14 7.0861678004535163e-05
48 14 5.6689342403628195e-06
13 15 3.4013605442176849e-05
14 15 0.00085034013605442174
15 15 0.0013605442176870763
16 15 0.000476190476190477
29 15 1.9841269841269831e-05
30 15 0.00049603174603174622
31 15 0.00079365079365079463
32 15 0.00027777777777777832
45 15 2.8344671201814051e-06
46 15 7.0861678004535163e-05
47 15 0.00011337868480725639
48 15 3.9682539682539764e-05
14 16 6.8027210884353794e-05
15 16 0.000476190476190477
16 16 0.00081632653061224178
30 16 3.9682539682539716e-05
31 16 0.00027777777777777832
32 16 0.00047619047619047446
46 16 5.6689342403628187e-06
47 16 3.9682539682539764e-05
48 16 6.8027210884353496e-05
1 17 0.00047619047619047619
2 17 0.00027777777777777789
3 17 3.9682539682539689e-05
17 17 0.0013605442176870754
18 17 0.00079365079365079332
19 17 0.00011337868480725628
33 17 0.00085034013605442174
34 17 0.0004960317460317459
35 17 7.0861678004535163e-05
49 17 3.4013605442176856e-05
50 17 1.9841269841269834e-05
51 17 2.8344671201814064e-06
1 18 0.00027777777777777789
2 18 0.00079365079365079343
3 18 0.00049603174603174611
4 18 1.9841269841269838e-05
17 18 0.00079365079365079343
18 18 0.0022675736961451243
19 18 0.0014172335600907029
20 18 5.6689342403628128e-05
33 18 0.0004960317460317459
34 18 0.0014172335600907027
35 18 0.0008857709750566896
36 18 3.5430839002267568e-05
49 18 1.9841269841269834e-05
50 18 5.6689342403628134e-05
51 18 3.5430839002267568e-05
52 18 1.4172335600907028e-06
1 19 3.9682539682539683e-05
2 19 0.00049603174603174611
3 19 0.0013095238095238101
4 19 0.00051587301587301604
5 19 1.9841269841269845e-05
17 19 0.00011337868480725628
18 19 0.0014172335600907027
19 19 0.0037414965986394553
20 19 0.001473922902494332
21 19 5.6689342403628141e-05
33 19 7.0861678004535163e-05
34 19 0.0008857709750566896
35 19 0.0023384353741496594
36 19 0.00092120181405895693
37 19 3.5430839002267588e-05
49 19 2.8344671201814064e-06
50 19 3.5430839002267575e-05
51 19 9.3537414965986373e-05
52 19 3.684807256235828e-05
53 19 1.4172335600907034e-06
2 20 1.9841269841269838e-05
3 20 0.00051587301587301604
4 20 0.0013095238095238101
5 20 0.00051587301587301571
6 20 1.9841269841269838e-05
18 20 5.6689342403628128e-05
19 20 0.001473922902494332
20 20 0.0037414965986394544
21 20 0.0014739229024943307
22 20 5.6689342403628114e-05
34 20 3.5430839002267568e-05
35 20 0.00092120181405895704
36 20 0.0023384353741496586
37 20 0.00092120181405895671
38 20 3.5430839002267561e-05
50 20 1.4172335600907028e-06
51 20 3.684807256235828e-05
52 20 9.3537414965986387e-05
53 20 3.6848072562358252e-05
54 20 1.4172335600907026e-06
3 21 1.9841269841269845e-05
4 21 0.00051587301587301571
5 21 0.0013095238095238106
6 21 0.00051587301587301614
7 21 1.9841269841269845e-05
19 21 5.6689342403628141e-05
20 21 0.0014739229024943307
21 21 0.0037414965986394566
22 21 0.0014739229024943322
23 21 5.6689342403628148e-05
35 21 3.5430839002267588e-05
36 21 0.00092120181405895671
37 21 0.0023384353741496599
38 21 0.00092120181405895725
39 21 3.5430839002267588e-05
51 21 1.4172335600907034e-06
52 21 3.6848072562358252e-05
53 21 9.3537414965986414e-05
54 21 3.6848072562358293e-05
55 21 1.4172335600907032e-06
4 22 1.9841269841269838e-05
5 22 0.00051587301587301614
6 22 0.0013095238095238097
7 22 0.00051587301587301571
8 22 1.9841269841269818e-05
20 22 5.6689342403628114e-05
21 22 0.0014739229024943322
22 22 0.0037414965986394544
23 22 0.0014739229024943311
24 22 5.6689342403628067e-05
36 22 3.5430839002267561e-05
37 22 0.00092120181405895725
38 22 0.0023384353741496586
39 22 0.00092120181405895649
40 22 3.5430839002267527e-05
52 22 1.4172335600907026e-06
53 22 3.6848072562358293e-05
54 22 9.3537414965986373e-05
55 22 3.6848072562358252e-05
56 22 1.4172335600907013e-06
5 23 1.9841269841269845e-05
6 23 0.00051587301587301571
7 23 0.0013095238095238097
8 23 0.00051587301587301582
9 23 1.9841269841269855e-05
21 23 5.6689342403628148e-05
22 23 0.0014739229024943311
23 23 0.0037414965986394557
24 23 0.0014739229024943309
25 23 5.6689342403628168e-05
37 23 3.5430839002267588e-05
38 23 0.00092120181405895649
39 23 0.0023384353741496599
40 23 0.00092120181405895671
41 23 3.5430839002267588e-05
53 23 1.4172335600907032e-06
54 23 3.6848072562358259e-05
55 23 9.3537414965986387e-05
56 23 3.6848072562358259e-05
57 23 1.4172335600907038e-06
6 24 1.9841269841269818e-05
7 24 0.00051587301587301582
8 24 0.001309523809523809
9 24 0.00051587301587301582
10 24 1.9841269841269855e-05
22 24 5.6689342403628067e-05
23 24 0.0014739229024943309
24 24 0.0037414965986394544
25 24 0.0014739229024943316
26 24 5.6689342403628175e-05
38 24 3.5430839002267527e-05
39 24 0.00092120181405895671
40 24 0.0023384353741496577
41 24 0.00092120181405895693
42 24 3.5430839002267602e-05
54 24 1.4172335600907013e-06
55 24 3.6848072562358259e-05
56 24 9.3537414965986346e-05
57 24 3.6848072562358273e-05
58 24 1.4172335600907034e-06
7 25 1.9841269841269855e-05
8 25 0.00051587301587301582
9 25 0.001309523809523811
10 25 0.0005158730158730156
11 25 1.9841269841269875e-05
23 25 5.6689342403628168e-05
24 25 0.0014739229024943316
25 25 0.0037414965986394596
26 25 0.0014739229024943309
27 25 5.6689342403628222e-05
39 25 3.5430839002267588e-05
40 25 0.00092120181405895693
41 25 0.002338435374149662
42 25 0.00092120181405895649
43 25 3.5430839002267636e-05
55 25 1.4172335600907038e-06
56 25 3.6848072562358273e-05
57 25 9.3537414965986482e-05
58 25 3.6848072562358246e-05
59 25 1.4172335600907051e-06
8 26 1.9841269841269855e-05
9 26 0.0005158730158730156
10 26 0.0013095238095238088
11 26 0.00051587301587301647
12 26 1.9841269841269858e-05
24 26 5.6689342403628175e-05
25 26 0.0014739229024943309
26 26 0.0037414965986394531
27 26 0.0014739229024943331
28 26 5.6689342403628202e-05
40 26 3.5430839002267602e-05
41 26 0.00092120181405895649
42 26 0.0023384353741496577
43 26 0.0009212018140589579
44 26 3.5430839002267615e-05
56 26 1.4172335600907034e-06
57 26 3.6848072562358246e-05
58 26 9.3537414965986319e-05
59 26 3.6848072562358313e-05
60 26 1.4172335600907042e-06
9 27 1.9841269841269875e-05
10 27 0.00051587301587301647
11 27 0.0013095238095238114
12 27 0.00051587301587301571
13 27 1.9841269841269794e-05
25 27 5.6689342403628222e-05
26 27 0.0014739229024943333
27 27 0.00374149659863946
28 27 0.0014739229024943309
29 27 5.6689342403627999e-05
41 27 3.5430839002267636e-05
42 27 0.00092120181405895801
43 27 0.002338435374149662
44 27 0.0009212018140589566
45 27 3.5430839002267487e-05
57 27 1.4172335600907051e-06
58 27 3.6848072562358313e-05
59 27 9.3537414965986482e-05
60 27 3.6848072562358252e-05
61 27 1.4172335600906994e-06
10 28 1.9841269841269858e-05
11 28 0.0005158730158730156
12 28 0.0013095238095238082
13 28 0.0005158730158730156
14 28 1.9841269841269858e-05
26 28 5.6689342403628202e-05
27 28 0.0014739229024943309
28 28 0.0037414965986394518
29 28 0.0014739229024943311
30 28 5.6689342403628202e-05
42 28 3.5430839002267615e-05
43 28 0.00092120181405895671
44 28 0.0023384353741496564
45 28 0.00092120181405895671
46 28 3.5430839002267615e-05
58 28 1.4172335600907042e-06
59 28 3.6848072562358252e-05
60 28 9.3537414965986278e-05
61 28 3.6848072562358259e-05
62 28 1.4172335600907042e-06
11 29 1.9841269841269794e-05
12 29 0.0005158730158730156
13 29 0.001309523809523811
14 29 0.00051587301587301625
15 29 1.9841269841269831e-05
27 29 5.6689342403627999e-05
28 29 0.0014739229024943311
29 29 0.0037414965986394592
30 29 0.0014739229024943326
31 29 5.6689342403628094e-05
43 29 3.5430839002267487e-05
44 29 0.00092120181405895682
45 29 0.0023384353741496607
46 29 0.00092120181405895779
47 29 3.5430839002267554e-05
59 29 1.4172335600906994e-06
60 29 3.6848072562358259e-05
61 29 9.3537414965986495e-05
62 29 3.6848072562358293e-05
63 29 1.4172335600907021e-06
12 30 1.9841269841269858e-05
13 30 0.00051587301587301625
14 30 0.0013095238095238082
15 30 0.00049603174603174611
16 30 3.9682539682539716e-05
28 30 5.6689342403628202e-05
29 30 0.0014739229024943329
30 30 0.0037414965986394513
31 30 0.0014172335600907027
32 30 0.0001133786848072564
44 30 3.5430839002267615e-05
45 30 0.00092120181405895758
46 30 0.0023384353741496564
47 30 0.00088577097505668949
48 30 7.0861678004535231e-05
60 30 1.4172335600907042e-06
61 30 3.6848072562358293e-05
62 30 9.3537414965986292e-05
63 30 3.5430839002267581e-05
64 30 2.8344671201814085e-06
13 31 1.9841269841269831e-05
14 31 0.00049603174603174611
15 31 0.00079365079365079452
16 31 0.00027777777777777832
29 31 5.6689342403628094e-05
30 31 0.0014172335600907029
31 31 0.0022675736961451261
32 31 0.00079365079365079495
45 31 3.5430839002267554e-05
46 31 0.0008857709750566896
47 31 0.0014172335600907049
48 31 0.00049603174603174709
61 31 1.4172335600907021e-06
62 31 3.5430839002267581e-05
63 31 5.6689342403628175e-05
64 31 1.9841269841269879e-05
14 32 3.9682539682539716e-05
15 32 0.00027777777777777832
16 32 0.00047619047619047456
30 32 0.0001133786848072564
31 32 0.00079365079365079495
32 32 0.0013605442176870702
46 32 7.0861678004535231e-05
47 32 0.00049603174603174709
48 32 0.00085034013605441881
62 32 2.8344671201814085e-06
63 32 1.9841269841269879e-05
64 32 3.4013605442176741e-05
1 33 6.8027210884353726e-05
2 33 3.9682539682539683e-05
3 33 5.6689342403628144e-06
17 33 0.00085034013605442174
18 33 0.0004960317460317459
19 33 7.0861678004535163e-05
33 33 0.0022448979591836735
34 33 0.0013095238095238099
35 33 0.00018707482993197285
49 33 0.00088435374149659876
50 33 0.00051587301587301593
51 33 7.3696145124716586e-05
65 33 3.4013605442176863e-05
66 33 1.9841269841269841e-05
67 33 2.8344671201814072e-06
1 34 3.9682539682539683e-05
2 34 0.0001133786848072563
3 34 7.0861678004535176e-05
4 34 2.8344671201814064e-06
17 34 0.0004960317460317459
18 34 0.0014172335600907025
19 34 0.0008857709750566896
20 34 3.5430839002267568e-05
33 34 0.0013095238095238099
34 34 0.0037414965986394557
35 34 0.0023384353741496594
36 34 9.3537414965986373e-05
49 34 0.00051587301587301593
50 34 0.0014739229024943322
51 34 0.00092120181405895682
52 34 3.684807256235828e-05
65 34 1.9841269841269841e-05
66 34 5.6689342403628141e-05
67 34 3.5430839002267581e-05
68 34 1.4172335600907032e-06
1 35 5.6689342403628144e-06
2 35 7.0861678004535176e-05
3 35 0.00018707482993197285
4 35 7.3696145124716586e-05
5 35 2.8344671201814076e-06
17 35 7.0861678004535163e-05
18 35 0.0008857709750566896
19 35 0.0023384353741496594
20 35 0.00092120181405895704
21 35 3.5430839002267588e-05
33 35 0.0001870748299319728
34 35 0.0023384353741496594
35 35 0.006173469387755111
36 35 0.0024319727891156467
37 35 9.3537414965986427e-05
49 35 7.3696145124716586e-05
50 35 0.00092120181405895682
51 35 0.0024319727891156454
52 35 0.00095804988662131531
53 35 3.6848072562358293e-05
65 35 2.8344671201814072e-06
66 35 3.5430839002267588e-05
67 35 9.35374149659864e-05
68 35 3.68480725623583e-05
69 35 1.4172335600907036e-06
2 36 2.8344671201814064e-06
3 36 7.3696145124716586e-05
4 36 0.00018707482993197283
5 36 7.3696145124716532e-05
6 36 2.834467120181406e-06
18 36 3.5430839002267568e-05
19 36 0.00092120181405895704
20 36 0.0023384353741496586
21 36 0.00092120181405895671
22 36 3.5430839002267561e-05
34 36 9.3537414965986373e-05
35 36 0.0024319727891156467
36 36 0.0061734693877551119
37 36 0.0024319727891156449
38 36 9.3537414965986346e-05
50 36 3.684807256235828e-05
51 36 0.00095804988662131531
52 36 0.0024319727891156449
53 36 0.00095804988662131477
54 36 3.6848072562358286e-05
66 36 1.4172335600907032e-06
67 36 3.68480725623583e-05
68 36 9.3537414965986387e-05
69 36 3.684807256235828e-05
70 36 1.417233560090703e-06
3 37 2.8344671201814076e-06
4 37 7.3696145124716532e-05
5 37 0.00018707482993197291
6 37 7.3696145124716586e-05
7 37 2.8344671201814068e-06
19 37 3.5430839002267588e-05
20 37 0.00092120181405895671
21 37 0.0023384353741496599
22 37 0.00092120181405895725
23 37 3.5430839002267588e-05
35 37 9.3537414965986427e-05
36 37 0.0024319727891156449
37 37 0.006173469387755111
38 37 0.0024319727891156475
39 37 9.3537414965986441e-05
51 37 3.6848072562358293e-05
52 37 0.00095804988662131477
53 37 0.0024319727891156454
54 37 0.00095804988662131585
55 37 3.6848072562358307e-05
67 37 1.4172335600907036e-06
68 37 3.684807256235828e-05
69 37 9.3537414965986427e-05
70 37 3.6848072562358313e-05
71 37 1.4172335600907036e-06
4 38 2.834467120181406e-06
5 38 7.3696145124716586e-05
6 38 0.00018707482993197285
7 38 7.3696145124716573e-05
8 38 2.8344671201814034e-06
20 38 3.5430839002267554e-05
21 38 0.00092120181405895747
22 38 0.0023384353741496586
23 38 0.00092120181405895649
24 38 3.5430839002267527e-05
36 38 9.3537414965986346e-05
37 38 0.0024319727891156475
38 38 0.0061734693877551075
39 38 0.0024319727891156458
40 38 9.3537414965986265e-05
52 38 3.684807256235828e-05
53 38 0.00095804988662131596
54 38 0.0024319727891156436
55 38 0.00095804988662131477
56 38 3.6848072562358252e-05
68 38 1.417233560090703e-06
69 38 3.6848072562358313e-05
70 38 9.3537414965986387e-05
71 38 3.684807256235828e-05
72 38 1.4172335600907015e-06
5 39 2.8344671201814068e-06
6 39 7.3696145124716573e-05
7 39 0.00018707482993197283
8 39 7.3696145124716518e-05
9 39 2.8344671201814081e-06
21 39 3.5430839002267588e-05
22 39 0.00092120181405895649
23 39 0.0023384353741496599
24 39 0.00092120181405895649
25 39 3.5430839002267588e-05
37 39 9.3537414965986441e-05
38 39 0.0024319727891156458
39 39 0.006173469387755111
40 39 0.0024319727891156458
41 39 9.3537414965986482e-05
53 39 3.6848072562358307e-05
54 39 0.00095804988662131477
55 39 0.0024319727891156445
56 39 0.00095804988662131498
57 39 3.6848072562358313e-05
69 39 1.4172335600907036e-06
70 39 3.684807256235828e-05
71 39 9.3537414965986387e-05
72 39 3.6848072562358286e-05
73 39 1.417233560090704e-06
6 40 2.8344671201814034e-06
7 40 7.3696145124716518e-05
8 40 0.00018707482993197283
9 40 7.3696145124716573e-05
10 40 2.8344671201814076e-06
22 40 3.5430839002267527e-05
23 40 0.00092120181405895649
24 40 0.0023384353741496577
25 40 0.00092120181405895704
26 40 3.5430839002267602e-05
38 40 9.3537414965986278e-05
39 40 0.0024319727891156454
40 40 0.0061734693877551058
41 40 0.0024319727891156462
42 40 9.3537414965986468e-05
54 40 3.6848072562358252e-05
55 40 0.00095804988662131498
56 40 0.0024319727891156432
57 40 0.00095804988662131531
58 40 3.684807256235832e-05
70 40 1.4172335600907015e-06
71 40 3.6848072562358286e-05
72 40 9.3537414965986373e-05
73 40 3.6848072562358286e-05
74 40 1.417233560090704e-06
7 41 2.8344671201814081e-06
8 41 7.3696145124716573e-05
9 41 0.00018707482993197299
10 41 7.3696145124716478e-05
11 41 2.834467120181411e-06
23 41 3.5430839002267588e-05
24 41 0.00092120181405895704
25 41 0.002338435374149662
26 41 0.00092120181405895649
27 41 3.5430839002267636e-05
39 41 9.3537414965986468e-05
40 41 0.0024319727891156462
41 41 0.0061734693877551162
42 41 0.0024319727891156445
43 41 9.3537414965986549e-05
55 41 3.6848072562358313e-05
56 41 0.00095804988662131531
57 41 0.002431972789115648
58 41 0.00095804988662131487
59 41 3.6848072562358347e-05
71 41 1.417233560090704e-06
72 41 3.6848072562358286e-05
73 41 9.3537414965986509e-05
74 41 3.6848072562358266e-05
75 41 1.4172335600907053e-06
8 42 2.8344671201814076e-06
9 42 7.3696145124716478e-05
10 42 0.00018707482993197272
11 42 7.369614512471664e-05
12 42 2.8344671201814098e-06
24 42 3.5430839002267602e-05
25 42 0.00092120181405895649
26 42 0.0023384353741496577
27 42 0.00092120181405895801
28 42 3.5430839002267615e-05
40 42 9.3537414965986468e-05
41 42 0.0024319727891156445
42 42 0.0061734693877551049
43 42 0.0024319727891156488
44 42 9.3537414965986495e-05
56 42 3.684807256235832e-05
57 42 0.00095804988662131477
58 42 0.0024319727891156427
59 42 0.00095804988662131628
60 42 3.6848072562358334e-05
72 42 1.417233560090704e-06
73 42 3.6848072562358259e-05
74 42 9.3537414965986346e-05
75 42 3.6848072562358327e-05
76 42 1.4172335600907049e-06
9 43 2.834467120181411e-06
10 43 7.369614512471664e-05
11 43 0.00018707482993197304
12 43 7.3696145124716532e-05
13 43 2.8344671201813992e-06
25 43 3.5430839002267636e-05
26 43 0.00092120181405895801
27 43 0.002338435374149662
28 43 0.0009212018140589566
29 43 3.5430839002267487e-05
41 43 9.3537414965986549e-05
42 43 0.0024319727891156488
43 43 0.0061734693877551171
44 43 0.0024319727891156458
45 43 9.3537414965986197e-05
57 43 3.6848072562358347e-05
58 43 0.00095804988662131628
59 43 0.0024319727891156467
60 43 0.00095804988662131509
61 43 3.6848072562358198e-05
73 43 1.4172335600907053e-06
74 43 3.6848072562358327e-05
75 43 9.3537414965986468e-05
76 43 3.6848072562358273e-05
77 43 1.4172335600906998e-06
10 44 2.8344671201814093e-06
11 44 7.3696145124716532e-05
12 44 0.00018707482993197267
13 44 7.3696145124716545e-05
14 44 2.8344671201814098e-06
26 44 3.5430839002267615e-05
27 44 0.00092120181405895649
28 44 0.0023384353741496564
29 44 0.00092120181405895671
30 44 3.5430839002267615e-05
42 44 9.3537414965986495e-05
43 44 0.0024319727891156458
44 44 0.0061734693877551015
45 44 0.0024319727891156458
46 44 9.3537414965986495e-05
58 44 3.6848072562358334e-05
59 44 0.00095804988662131498
60 44 0.0024319727891156414
61 44 0.00095804988662131509
62 44 3.6848072562358334e-05
74 44 1.4172335600907047e-06
75 44 3.6848072562358273e-05
76 44 9.3537414965986305e-05
77 44 3.6848072562358273e-05
78 44 1.4172335600907047e-06
11 45 2.8344671201813992e-06
12 45 7.3696145124716545e-05
13 45 0.00018707482993197304
14 45 7.3696145124716586e-05
15 45 2.8344671201814051e-06
27 45 3.5430839002267487e-05
28 45 0.0009212018140589566
29 45 0.0023384353741496607
30 45 0.00092120181405895779
31 45 3.5430839002267561e-05
43 45 9.3537414965986197e-05
44 45 0.0024319727891156458
45 45 0.0061734693877551171
46 45 0.0024319727891156488
47 45 9.353741496598636e-05
59 45 3.6848072562358198e-05
60 45 0.00095804988662131509
61 45 0.0024319727891156467
62 45 0.00095804988662131607
63 45 3.6848072562358266e-05
75 45 1.4172335600906998e-06
76 45 3.6848072562358273e-05
77 45 9.3537414965986522e-05
78 45 3.6848072562358313e-05
79 45 1.4172335600907023e-06
12 46 2.8344671201814098e-06
13 46 7.3696145124716586e-05
14 46 0.00018707482993197261
15 46 7.0861678004535163e-05
16 46 5.6689342403628195e-06
28 46 3.5430839002267615e-05
29 46 0.00092120181405895779
30 46 0.0023384353741496564
31 46 0.0008857709750566896
32 46 7.0861678004535231e-05
44 46 9.3537414965986495e-05
45 46 0.0024319727891156488
46 46 0.0061734693877551023
47 46 0.0023384353741496612
48 46 0.00018707482993197299
60 46 3.6848072562358334e-05
61 46 0.00095804988662131607
62 46 0.0024319727891156414
63 46 0.00092120181405895714
64 46 7.3696145124716667e-05
76 46 1.4172335600907049e-06
77 46 3.6848072562358313e-05
78 46 9.3537414965986305e-05
79 46 3.5430839002267588e-05
80 46 2.8344671201814098e-06
13 47 2.8344671201814051e-06
14 47 7.0861678004535176e-05
15 47 0.00011337868480725639
16 47 3.9682539682539764e-05
29 47 3.5430839002267561e-05
30 47 0.0008857709750566896
31 47 0.0014172335600907051
32 47 0.00049603174603174709
45 47 9.353741496598636e-05
46 47 0.0023384353741496612
47 47 0.0037414965986394605
48 47 0.0013095238095238123
61 47 3.6848072562358266e-05
62 47 0.00092120181405895714
63 47 0.0014739229024943333
64 47 0.00051587301587301701
77 47 1.4172335600907023e-06
78 47 3.5430839002267595e-05
79 47 5.6689342403628202e-05
80 47 1.9841269841269882e-05
14 48 5.6689342403628187e-06
15 48 3.9682539682539764e-05
16 48 6.8027210884353509e-05
30 48 7.0861678004535231e-05
31 48 0.00049603174603174709
32 48 0.0008503401360544187
46 48 0.00018707482993197299
47 48 0.0013095238095238123
48 48 0.0022448979591836661
62 48 7.3696145124716667e-05
63 48 0.00051587301587301701
64 48 0.00088435374149659573
78 48 2.8344671201814093e-06
79 48 1.9841269841269882e-05
80 48 3.4013605442176755e-05
17 49 3.4013605442176856e-05
18 49 1.9841269841269834e-05
19 49 2.8344671201814064e-06
33 49 0.00088435374149659887
34 49 0.00051587301587301593
35 49 7.3696145124716586e-05
49 49 0.0022448979591836731
50 49 0.0013095238095238099
51 49 0.0001870748299319728
65 49 0.00088435374149659822
66 49 0.0005158730158730156
67 49 7.3696145124716545e-05
81 49 3.4013605442176849e-05
82 49 1.9841269841269834e-05
83 49 2.834467120181406e-06
17 50 1.9841269841269834e-05
18 50 5.6689342403628134e-05
19 50 3.5430839002267575e-05
20 50 1.4172335600907028e-06
33 50 0.00051587301587301593
34 50 0.0014739229024943322
35 50 0.00092120181405895682
36 50 3.684807256235828e-05
49 50 0.0013095238095238099
50 50 0.0037414965986394548
51 50 0.002338435374149659
52 50 9.3537414965986387e-05
65 50 0.0005158730158730156
66 50 0.0014739229024943307
67 50 0.00092120181405895638
68 50 3.6848072562358259e-05
81 50 1.9841269841269834e-05
82 50 5.6689342403628121e-05
83 50 3.5430839002267561e-05
84 50 1.4172335600907026e-06
17 51 2.8344671201814064e-06
18 51 3.5430839002267575e-05
19 51 9.3537414965986387e-05
20 51 3.6848072562358286e-05
21 51 1.4172335600907034e-06
33 51 7.3696145124716586e-05
34 51 0.00092120181405895682
35 51 0.0024319727891156454
36 51 0.00095804988662131531
37 51 3.6848072562358293e-05
49 51 0.0001870748299319728
50 51 0.002338435374149659
51 51 0.006173469387755111
52 51 0.0024319727891156462
53 51 9.3537414965986427e-05
65 51 7.3696145124716545e-05
66 51 0.00092120181405895649
67 51 0.0024319727891156427
68 51 0.00095804988662131455
69 51 3.684807256235828e-05
81 51 2.834467120181406e-06
82 51 3.5430839002267561e-05
83 51 9.353741496598636e-05
84 51 3.684807256235828e-05
85 51 1.417233560090703e-06
18 52 1.4172335600907028e-06
19 52 3.6848072562358286e-05
20 52 9.3537414965986387e-05
21 52 3.6848072562358252e-05
22 52 1.4172335600907026e-06
34 52 3.6848072562358286e-05
35 52 0.0009580498866213152
36 52 0.0024319727891156449
37 52 0.00095804988662131477
38 52 3.684807256235828e-05
50 52 9.3537414965986387e-05
51 52 0.0024319727891156462
52 52 0.006173469387755111
53 52 0.0024319727891156449
54 52 9.3537414965986346e-05
66 52 3.6848072562358259e-05
67 52 0.00095804988662131477
68 52 0.0024319727891156427
69 52 0.00095804988662131433
70 52 3.6848072562358259e-05
82 52 1.4172335600907026e-06
83 52 3.684807256235828e-05
84 52 9.353741496598636e-05
85 52 3.6848072562358239e-05
86 52 1.4172335600907023e-06
19 53 1.4172335600907034e-06
20 53 3.6848072562358252e-05
21 53 9.3537414965986414e-05
22 53 3.6848072562358293e-05
23 53 1.4172335600907032e-06
35 53 3.6848072562358293e-05
36 53 0.00095804988662131477
37 53 0.0024319727891156454
38 53 0.00095804988662131596
39 53 3.6848072562358307e-05
51 53 9.3537414965986427e-05
52 53 0.0024319727891156449
53 53 0.0061734693877551101
54 53 0.0024319727891156471
55 53 9.3537414965986427e-05
67 53 3.6848072562358286e-05
68 53 0.00095804988662131433
69 53 0.0024319727891156436
70 53 0.00095804988662131498
71 53 3.684807256235828e-05
83 53 1.417233560090703e-06
84 53 3.6848072562358239e-05
85 53 9.3537414965986387e-05
86 53 3.6848072562358286e-05
87 53 1.4172335600907028e-06
20 54 1.4172335600907026e-06
21 54 3.6848072562358293e-05
22 54 9.3537414965986373e-05
23 54 3.6848072562358259e-05
24 54 1.4172335600907013e-06
36 54 3.684807256235828e-05
37 54 0.00095804988662131596
38 54 0.0024319727891156436
39 54 0.00095804988662131477
40 54 3.6848072562358252e-05
52 54 9.3537414965986333e-05
53 54 0.0024319727891156471
54 54 0.0061734693877551075
55 54 0.0024319727891156449
56 54 9.3537414965986265e-05
68 54 3.6848072562358252e-05
69 54 0.00095804988662131498
70 54 0.0024319727891156423
71 54 0.00095804988662131444
72 54 3.6848072562358219e-05
84 54 1.4172335600907023e-06
85 54 3.6848072562358293e-05
86 54 9.3537414965986346e-05
87 54 3.6848072562358239e-05
88 54 1.4172335600907009e-06
21 55 1.4172335600907032e-06
22 55 3.6848072562358252e-05
23 55 9.3537414965986387e-05
24 55 3.6848072562358259e-05
25 55 1.4172335600907036e-06
37 55 3.6848072562358307e-05
38 55 0.00095804988662131477
39 55 0.002431972789115644
40 55 0.00095804988662131498
41 55 3.6848072562358313e-05
53 55 9.3537414965986427e-05
54 55 0.0024319727891156458
55 55 0.0061734693877551101
56 55 0.0024319727891156454
57 55 9.3537414965986454e-05
69 55 3.684807256235828e-05
70 55 0.00095804988662131444
71 55 0.0024319727891156436
72 55 0.00095804988662131455
73 55 3.6848072562358293e-05
85 55 1.417233560090703e-06
86 55 3.6848072562358239e-05
87 55 9.353741496598636e-05
88 55 3.6848072562358259e-05
89 55 1.4172335600907034e-06
22 56 1.4172335600907013e-06
23 56 3.6848072562358259e-05
24 56 9.3537414965986346e-05
25 56 3.6848072562358266e-05
26 56 1.4172335600907034e-06
38 56 3.6848072562358252e-05
39 56 0.00095804988662131498
40 56 0.0024319727891156432
41 56 0.00095804988662131509
42 56 3.684807256235832e-05
54 56 9.3537414965986265e-05
55 56 0.0024319727891156454
56 56 0.0061734693877551049
57 56 0.0024319727891156462
58 56 9.3537414965986441e-05
70 56 3.6848072562358219e-05
71 56 0.00095804988662131433
72 56 0.0024319727891156419
73 56 0.00095804988662131466
74 56 3.68480725623583e-05
86 56 1.4172335600907009e-06
87 56 3.6848072562358252e-05
88 56 9.3537414965986333e-05
89 56 3.6848072562358259e-05
90 56 1.4172335600907034e-06
23 57 1.4172335600907036e-06
24 57 3.6848072562358273e-05
25 57 9.3537414965986482e-05
26 57 3.6848072562358246e-05
27 57 1.4172335600907051e-06
39 57 3.6848072562358313e-05
40 57 0.00095804988662131509
41 57 0.0024319727891156475
42 57 0.00095804988662131487
43 57 3.6848072562358347e-05
55 57 9.3537414965986454e-05
56 57 0.0024319727891156462
57 57 0.0061734693877551153
58 57 0.0024319727891156445
59 57 9.3537414965986536e-05
71 57 3.6848072562358293e-05
72 57 0.00095804988662131466
73 57 0.0024319727891156467
74 57 0.00095804988662131444
75 57 3.6848072562358341e-05
87 57 1.4172335600907034e-06
88 57 3.6848072562358259e-05
89 57 9.3537414965986468e-05
90 57 3.6848072562358239e-05
91 57 1.4172335600907051e-06
24 58 1.4172335600907034e-06
25 58 3.6848072562358246e-05
26 58 9.3537414965986319e-05
27 58 3.6848072562358313e-05
28 58 1.4172335600907042e-06
40 58 3.684807256235832e-05
41 58 0.00095804988662131487
42 58 0.0024319727891156423
43 58 0.00095804988662131628
44 58 3.6848072562358334e-05
56 58 9.3537414965986454e-05
57 58 0.0024319727891156445
58 58 0.0061734693877551049
59 58 0.0024319727891156484
60 58 9.3537414965986495e-05
72 58 3.68480725623583e-05
73 58 0.00095804988662131444
74 58 0.0024319727891156414
75 58 0.00095804988662131563
76 58 3.6848072562358313e-05
88 58 1.4172335600907034e-06
89 58 3.6848072562358239e-05
90 58 9.3537414965986319e-05
91 58 3.6848072562358307e-05
92 58 1.417233560090704e-06
25 59 1.4172335600907051e-06
26 59 3.6848072562358313e-05
27 59 9.3537414965986482e-05
28 59 3.6848072562358252e-05
29 59 1.4172335600906994e-06
41 59 3.6848072562358347e-05
42 59 0.00095804988662131628
43 59 0.0024319727891156471
44 59 0.00095804988662131509
45 59 3.6848072562358198e-05
57 59 9.3537414965986536e-05
58 59 0.0024319727891156488
59 59 0.0061734693877551171
60 59 0.0024319727891156454
61 59 9.3537414965986183e-05
73 59 3.6848072562358341e-05
74 59 0.00095804988662131563
75 59 0.0024319727891156454
76 59 0.00095804988662131444
77 59 3.6848072562358185e-05
89 59 1.4172335600907051e-06
90 59 3.6848072562358307e-05
91 59 9.3537414965986468e-05
92 59 3.6848072562358246e-05
93 59 1.417233560090699e-06
26 60 1.4172335600907042e-06
27 60 3.6848072562358252e-05
28 60 9.3537414965986278e-05
29 60 3.6848072562358266e-05
30 60 1.4172335600907042e-06
42 60 3.6848072562358334e-05
43 60 0.00095804988662131509
44 60 0.0024319727891156414
45 60 0.00095804988662131509
46 60 3.6848072562358334e-05
58 60 9.3537414965986495e-05
59 60 0.0024319727891156454
60 60 0.0061734693877551006
61 60 0.0024319727891156458
62 60 9.3537414965986495e-05
74 60 3.6848072562358313e-05
75 60 0.00095804988662131444
76 60 0.0024319727891156397
77 60 0.00095804988662131433
78 60 3.6848072562358313e-05
90 60 1.417233560090704e-06
91 60 3.6848072562358246e-05
92 60 9.3537414965986278e-05
93 60 3.6848072562358252e-05
94 60 1.417233560090704e-06
27 61 1.4172335600906994e-06
28 61 3.6848072562358266e-05
29 61 9.3537414965986495e-05
30 61 3.6848072562358293e-05
31 61 1.4172335600907021e-06
43 61 3.6848072562358198e-05
44 61 0.00095804988662131509
45 61 0.0024319727891156467
46 61 0.00095804988662131607
47 61 3.6848072562358266e-05
59 61 9.3537414965986183e-05
60 61 0.0024319727891156458
61 61 0.006173469387755118
62 61 0.0024319727891156484
63 61 9.353741496598636e-05
75 61 3.6848072562358185e-05
76 61 0.00095804988662131422
77 61 0.0024319727891156449
78 61 0.00095804988662131563
79 61 3.6848072562358259e-05
91 61 1.417233560090699e-06
92 61 3.6848072562358246e-05
93 61 9.3537414965986468e-05
94 61 3.6848072562358286e-05
95 61 1.4172335600907021e-06
28 62 1.4172335600907042e-06
29 62 3.6848072562358293e-05
30 62 9.3537414965986292e-05
31 62 3.5430839002267581e-05
32 62 2.8344671201814085e-06
44 62 3.6848072562358334e-05
45 62 0.00095804988662131607
46 62 0.0024319727891156414
47 62 0.00092120181405895714
48 62 7.3696145124716667e-05
60 62 9.3537414965986495e-05
61 62 0.0024319727891156484
62 62 0.0061734693877551023
63 62 0.0023384353741496603
64 62 0.00018707482993197299
76 62 3.6848072562358313e-05
77 62 0.00095804988662131563
78 62 0.0024319727891156406
79 62 0.00092120181405895682
80 62 7.3696145124716627e-05
92 62 1.417233560090704e-06
93 62 3.6848072562358286e-05
94 62 9.3537414965986278e-05
95 62 3.5430839002267575e-05
96 62 2.8344671201814081e-06
29 63 1.4172335600907021e-06
30 63 3.5430839002267581e-05
31 63 5.6689342403628175e-05
32 63 1.9841269841269879e-05
45 63 3.6848072562358266e-05
46 63 0.00092120181405895714
47 63 0.0014739229024943333
48 63 0.00051587301587301701
61 63 9.3537414965986346e-05
62 63 0.0023384353741496603
63 63 0.0037414965986394605
64 63 0.0013095238095238123
77 63 3.6848072562358259e-05
78 63 0.00092120181405895693
79 63 0.0014739229024943324
80 63 0.00051587301587301679
93 63 1.4172335600907021e-06
94 63 3.5430839002267575e-05
95 63 5.6689342403628161e-05
96 63 1.9841269841269879e-05
30 64 2.8344671201814085e-06
31 64 1.9841269841269879e-05
32 64 3.4013605442176741e-05
46 64 7.3696145124716667e-05
47 64 0.00051587301587301701
48 64 0.00088435374149659573
62 64 0.00018707482993197299
63 64 0.0013095238095238121
64 64 0.0022448979591836661
78 64 7.3696145124716627e-05
79 64 0.00051587301587301669
80 64 0.00088435374149659486
94 64 2.8344671201814081e-06
95 64 1.9841269841269879e-05
96 64 3.4013605442176741e-05
33 65 3.401360544217687e-05
34 65 1.9841269841269841e-05
35 65 2.8344671201814072e-06
49 65 0.00088435374149659822
50 65 0.0005158730158730156
51 65 7.3696145124716545e-05
65 65 0.0022448979591836739
66 65 0.0013095238095238103
67 65 0.00018707482993197288
81 65 0.00088435374149659909
82 65 0.00051587301587301604
83 65 7.36961451247166e-05
97 65 3.4013605442176877e-05
98 65 1.9841269841269841e-05
99 65 2.8344671201814068e-06
33 66 1.9841269841269841e-05
34 66 5.6689342403628148e-05
35 66 3.5430839002267588e-05
36 66 1.4172335600907032e-06
49 66 0.0005158730158730156
50 66 0.0014739229024943307
51 66 0.00092120181405895649
52 66 3.6848072562358259e-05
65 66 0.0013095238095238103
66 66 0.0037414965986394566
67 66 0.0023384353741496594
68 66 9.3537414965986387e-05
81 66 0.00051587301587301604
82 66 0.0014739229024943324
83 66 0.00092120181405895725
84 66 3.6848072562358293e-05
97 66 1.9841269841269841e-05
98 66 5.6689342403628134e-05
99 66 3.5430839002267595e-05
100 66 1.4172335600907032e-06
33 67 2.8344671201814072e-06
34 67 3.5430839002267588e-05
35 67 9.3537414965986414e-05
36 67 3.68480725623583e-05
37 67 1.4172335600907036e-06
49 67 7.3696145124716545e-05
50 67 0.00092120181405895649
51 67 0.0024319727891156427
52 67 0.00095804988662131477
53 67 3.684807256235828e-05
65 67 0.00018707482993197285
66 67 0.0023384353741496594
67 67 0.0061734693877551119
68 67 0.0024319727891156471
69 67 9.3537414965986427e-05
81 67 7.36961451247166e-05
82 67 0.00092120181405895725
83 67 0.0024319727891156458
84 67 0.00095804988662131542
85 67 3.6848072562358313e-05
97 67 2.8344671201814068e-06
98 67 3.5430839002267595e-05
99 67 9.3537414965986414e-05
100 67 3.6848072562358307e-05
101 67 1.4172335600907038e-06
34 68 1.4172335600907032e-06
35 68 3.68480725623583e-05
36 68 9.35374149659864e-05
37 68 3.684807256235828e-05
38 68 1.417233560090703e-06
50 68 3.6848072562358259e-05
51 68 0.00095804988662131455
52 68 0.0024319727891156427
53 68 0.00095804988662131433
54 68 3.6848072562358252e-05
66 68 9.3537414965986387e-05
67 68 0.0024319727891156471
68 68 0.0061734693877551119
69 68 0.0024319727891156458
70 68 9.353741496598636e-05
82 68 3.6848072562358293e-05
83 68 0.00095804988662131563
84 68 0.0024319727891156458
85 68 0.00095804988662131531
86 68 3.6848072562358293e-05
98 68 1.4172335600907032e-06
99 68 3.6848072562358307e-05
100 68 9.3537414965986414e-05
101 68 3.6848072562358273e-05
102 68 1.4172335600907028e-06
35 69 1.4172335600907036e-06
36 69 3.684807256235828e-05
37 69 9.3537414965986427e-05
38 69 3.6848072562358313e-05
39 69 1.4172335600907034e-06
51 69 3.684807256235828e-05
52 69 0.00095804988662131433
53 69 0.0024319727891156436
54 69 0.00095804988662131498
55 69 3.684807256235828e-05
67 69 9.3537414965986427e-05
68 69 0.0024319727891156458
69 69 0.0061734693877551127
70 69 0.002431972789115648
71 69 9.3537414965986454e-05
83 69 3.6848072562358313e-05
84 69 0.00095804988662131531
85 69 0.0024319727891156467
86 69 0.00095804988662131618
87 69 3.68480725623583e-05
99 69 1.4172335600907038e-06
100 69 3.6848072562358273e-05
101 69 9.3537414965986441e-05
102 69 3.6848072562358307e-05
103 69 1.4172335600907032e-06
36 70 1.417233560090703e-06
37 70 3.6848072562358313e-05
38 70 9.3537414965986387e-05
39 70 3.6848072562358273e-05
40 70 1.4172335600907015e-06
52 70 3.6848072562358259e-05
53 70 0.00095804988662131498
54 70 0.0024319727891156423
55 70 0.00095804988662131444
56 70 3.6848072562358225e-05
68 70 9.3537414965986373e-05
69 70 0.002431972789115648
70 70 0.0061734693877551093
71 70 0.0024319727891156458
72 70 9.3537414965986292e-05
84 70 3.6848072562358293e-05
85 70 0.00095804988662131618
86 70 0.0024319727891156445
87 70 0.00095804988662131498
88 70 3.6848072562358252e-05
100 70 1.4172335600907028e-06
101 70 3.6848072562358293e-05
102 70 9.3537414965986387e-05
103 70 3.6848072562358293e-05
104 70 1.4172335600907015e-06
37 71 1.4172335600907038e-06
38 71 3.6848072562358273e-05
39 71 9.3537414965986387e-05
40 71 3.6848072562358286e-05
