# Created by Octave 5.2.0, Wed Nov 03 11:25:16 2021 CET <omen@omen-linux>
# name: ans
# type: sparse matrix
# nnz: 7056
# rows: 324
# columns: 324
1 1 0.0006249999999999999
2 1 0.00036458333333333319
3 1 5.208333333333333e-05
19 1 0.00036458333333333313
20 1 0.00021267361111111104
21 1 3.0381944444444447e-05
37 1 5.2083333333333316e-05
38 1 3.0381944444444454e-05
39 1 4.3402777777777795e-06
1 2 0.00036458333333333319
2 2 0.0010416666666666662
3 2 0.00065104166666666631
4 2 2.6041666666666665e-05
19 2 0.00021267361111111104
20 2 0.00060763888888888912
21 2 0.00037977430555555551
22 2 1.5190972222222227e-05
37 2 3.0381944444444454e-05
38 2 8.6805555555555613e-05
39 2 5.4253472222222226e-05
40 2 2.1701388888888897e-06
1 3 5.208333333333333e-05
2 3 0.00065104166666666631
3 3 0.0017187499999999996
4 3 0.00067708333333333281
5 3 2.6041666666666665e-05
19 3 3.0381944444444447e-05
20 3 0.00037977430555555551
21 3 0.0010026041666666662
22 3 0.00039496527777777761
23 3 1.5190972222222225e-05
37 3 4.3402777777777795e-06
38 3 5.4253472222222226e-05
39 3 0.00014322916666666667
40 3 5.6423611111111109e-05
41 3 2.1701388888888902e-06
2 4 2.6041666666666665e-05
3 4 0.00067708333333333281
4 4 0.0017187499999999998
5 4 0.00067708333333333303
6 4 2.6041666666666675e-05
20 4 1.5190972222222227e-05
21 4 0.00039496527777777761
22 4 0.0010026041666666666
23 4 0.00039496527777777766
24 4 1.519097222222223e-05
38 4 2.1701388888888897e-06
39 4 5.6423611111111109e-05
40 4 0.00014322916666666669
41 4 5.6423611111111122e-05
42 4 2.1701388888888906e-06
3 5 2.6041666666666665e-05
4 5 0.00067708333333333292
5 5 0.0017187499999999998
6 5 0.00067708333333333281
7 5 2.6041666666666675e-05
21 5 1.5190972222222225e-05
22 5 0.00039496527777777766
23 5 0.0010026041666666666
24 5 0.00039496527777777756
25 5 1.5190972222222234e-05
39 5 2.1701388888888897e-06
40 5 5.6423611111111122e-05
41 5 0.00014322916666666669
42 5 5.6423611111111122e-05
43 5 2.1701388888888906e-06
4 6 2.6041666666666675e-05
5 6 0.00067708333333333281
6 6 0.00171875
7 6 0.00067708333333333281
8 6 2.6041666666666645e-05
22 6 1.519097222222223e-05
23 6 0.00039496527777777756
24 6 0.0010026041666666666
25 6 0.00039496527777777745
26 6 1.5190972222222215e-05
40 6 2.1701388888888906e-06
41 6 5.6423611111111122e-05
42 6 0.00014322916666666672
43 6 5.6423611111111115e-05
44 6 2.1701388888888885e-06
5 7 2.6041666666666675e-05
6 7 0.00067708333333333271
7 7 0.0017187499999999996
8 7 0.00067708333333333303
9 7 2.6041666666666668e-05
23 7 1.5190972222222234e-05
24 7 0.00039496527777777745
25 7 0.0010026041666666662
26 7 0.00039496527777777777
27 7 1.519097222222223e-05
41 7 2.1701388888888906e-06
42 7 5.6423611111111115e-05
43 7 0.00014322916666666667
44 7 5.6423611111111136e-05
45 7 2.1701388888888893e-06
6 8 2.6041666666666645e-05
7 8 0.00067708333333333303
8 8 0.0017187499999999996
9 8 0.00067708333333333281
10 8 2.6041666666666682e-05
24 8 1.5190972222222215e-05
25 8 0.00039496527777777777
26 8 0.0010026041666666662
27 8 0.00039496527777777756
28 8 1.519097222222224e-05
42 8 2.1701388888888885e-06
43 8 5.6423611111111136e-05
44 8 0.00014322916666666664
45 8 5.6423611111111122e-05
46 8 2.1701388888888914e-06
7 9 2.6041666666666668e-05
8 9 0.00067708333333333271
9 9 0.0017187500000000007
10 9 0.00067708333333333281
11 9 2.6041666666666668e-05
25 9 1.519097222222223e-05
26 9 0.00039496527777777756
27 9 0.0010026041666666671
28 9 0.00039496527777777761
29 9 1.519097222222223e-05
43 9 2.1701388888888893e-06
44 9 5.6423611111111122e-05
45 9 0.0001432291666666668
46 9 5.6423611111111122e-05
47 9 2.1701388888888902e-06
8 10 2.6041666666666682e-05
9 10 0.00067708333333333271
10 10 0.0017187499999999998
11 10 0.00067708333333333281
12 10 2.6041666666666682e-05
26 10 1.519097222222224e-05
27 10 0.00039496527777777761
28 10 0.0010026041666666664
29 10 0.00039496527777777761
30 10 1.5190972222222235e-05
44 10 2.1701388888888914e-06
45 10 5.6423611111111122e-05
46 10 0.00014322916666666672
47 10 5.6423611111111122e-05
48 10 2.1701388888888906e-06
9 11 2.6041666666666668e-05
10 11 0.00067708333333333271
11 11 0.0017187500000000004
12 11 0.00067708333333333281
13 11 2.6041666666666668e-05
27 11 1.519097222222223e-05
28 11 0.00039496527777777761
29 11 0.0010026041666666668
30 11 0.00039496527777777756
31 11 1.519097222222223e-05
45 11 2.1701388888888902e-06
46 11 5.6423611111111122e-05
47 11 0.00014322916666666675
48 11 5.6423611111111115e-05
49 11 2.1701388888888902e-06
10 12 2.6041666666666682e-05
11 12 0.00067708333333333271
12 12 0.0017187499999999985
13 12 0.0006770833333333326
14 12 2.6041666666666682e-05
28 12 1.5190972222222235e-05
29 12 0.00039496527777777756
30 12 0.0010026041666666658
31 12 0.00039496527777777756
32 12 1.519097222222224e-05
46 12 2.1701388888888906e-06
47 12 5.6423611111111115e-05
48 12 0.00014322916666666659
49 12 5.6423611111111122e-05
50 12 2.1701388888888914e-06
11 13 2.6041666666666668e-05
12 13 0.0006770833333333326
13 13 0.0017187500000000002
14 13 0.00067708333333333281
15 13 2.6041666666666668e-05
29 13 1.519097222222223e-05
30 13 0.00039496527777777756
31 13 0.0010026041666666666
32 13 0.00039496527777777761
33 13 1.519097222222223e-05
47 13 2.1701388888888902e-06
48 13 5.6423611111111122e-05
49 13 0.00014322916666666678
50 13 5.6423611111111122e-05
51 13 2.1701388888888902e-06
12 14 2.6041666666666682e-05
13 14 0.00067708333333333271
14 14 0.0017187499999999998
15 14 0.00067708333333333281
16 14 2.6041666666666668e-05
30 14 1.519097222222224e-05
31 14 0.00039496527777777761
32 14 0.0010026041666666664
33 14 0.00039496527777777761
34 14 1.519097222222223e-05
48 14 2.1701388888888914e-06
49 14 5.6423611111111122e-05
50 14 0.00014322916666666672
51 14 5.6423611111111122e-05
52 14 2.1701388888888902e-06
13 15 2.6041666666666668e-05
14 15 0.00067708333333333271
15 15 0.0017187499999999994
16 15 0.0006770833333333326
17 15 2.6041666666666682e-05
31 15 1.519097222222223e-05
32 15 0.00039496527777777761
33 15 0.0010026041666666662
34 15 0.00039496527777777756
35 15 1.519097222222224e-05
49 15 2.1701388888888902e-06
50 15 5.6423611111111122e-05
51 15 0.00014322916666666664
52 15 5.6423611111111122e-05
53 15 2.1701388888888914e-06
14 16 2.6041666666666668e-05
15 16 0.0006770833333333326
16 16 0.0017187500000000002
17 16 0.00065104166666666652
18 16 5.2083333333333337e-05
32 16 1.519097222222223e-05
33 16 0.00039496527777777756
34 16 0.0010026041666666666
35 16 0.00037977430555555545
36 16 3.0381944444444461e-05
50 16 2.1701388888888902e-06
51 16 5.6423611111111122e-05
52 16 0.00014322916666666678
53 16 5.425347222222224e-05
54 16 4.3402777777777803e-06
15 17 2.6041666666666682e-05
16 17 0.00065104166666666631
17 17 0.001041666666666666
18 17 0.00036458333333333362
33 17 1.519097222222224e-05
34 17 0.00037977430555555551
35 17 0.00060763888888888846
36 17 0.00021267361111111132
51 17 2.1701388888888914e-06
52 17 5.425347222222224e-05
53 17 8.6805555555555518e-05
54 17 3.0381944444444481e-05
16 18 5.2083333333333337e-05
17 18 0.00036458333333333362
18 18 0.00062499999999999882
34 18 3.0381944444444461e-05
35 18 0.00021267361111111132
36 18 0.0003645833333333327
52 18 4.3402777777777803e-06
53 18 3.0381944444444481e-05
54 18 5.2083333333333255e-05
1 19 0.00036458333333333324
2 19 0.00021267361111111104
3 19 3.0381944444444447e-05
19 19 0.0010416666666666664
20 19 0.00060763888888888901
21 19 8.68055555555556e-05
37 19 0.0006510416666666662
38 19 0.00037977430555555545
39 19 5.4253472222222226e-05
55 19 2.6041666666666665e-05
56 19 1.5190972222222227e-05
57 19 2.1701388888888897e-06
1 20 0.00021267361111111104
2 20 0.00060763888888888912
3 20 0.00037977430555555545
4 20 1.5190972222222223e-05
19 20 0.00060763888888888912
20 20 0.0017361111111111106
21 20 0.0010850694444444445
22 20 4.34027777777778e-05
37 20 0.00037977430555555545
38 20 0.0010850694444444445
39 20 0.00067816840277777743
40 20 2.7126736111111113e-05
55 20 1.5190972222222227e-05
56 20 4.3402777777777807e-05
57 20 2.7126736111111113e-05
58 20 1.0850694444444449e-06
1 21 3.0381944444444447e-05
2 21 0.00037977430555555545
3 21 0.0010026041666666662
4 21 0.00039496527777777761
5 21 1.5190972222222225e-05
19 21 8.68055555555556e-05
20 21 0.0010850694444444445
21 21 0.0028645833333333349
22 21 0.0011284722222222225
23 21 4.3402777777777807e-05
37 21 5.4253472222222226e-05
38 21 0.00067816840277777743
39 21 0.0017903645833333335
40 21 0.00070529513888888866
41 21 2.7126736111111106e-05
55 21 2.1701388888888897e-06
56 21 2.7126736111111113e-05
57 21 7.1614583333333334e-05
58 21 2.8211805555555554e-05
59 21 1.0850694444444451e-06
2 22 1.5190972222222227e-05
3 22 0.00039496527777777761
4 22 0.0010026041666666666
5 22 0.00039496527777777766
6 22 1.519097222222223e-05
20 22 4.34027777777778e-05
21 22 0.0011284722222222223
22 22 0.0028645833333333349
23 22 0.001128472222222223
24 22 4.3402777777777827e-05
38 22 2.7126736111111113e-05
39 22 0.00070529513888888866
40 22 0.0017903645833333333
41 22 0.00070529513888888866
42 22 2.712673611111112e-05
56 22 1.0850694444444449e-06
57 22 2.8211805555555554e-05
58 22 7.1614583333333347e-05
59 22 2.8211805555555561e-05
60 22 1.0850694444444453e-06
3 23 1.5190972222222225e-05
4 23 0.00039496527777777766
5 23 0.0010026041666666666
6 23 0.00039496527777777756
7 23 1.5190972222222234e-05
21 23 4.3402777777777807e-05
22 23 0.001128472222222223
23 23 0.0028645833333333349
24 23 0.0011284722222222225
25 23 4.3402777777777834e-05
39 23 2.7126736111111103e-05
40 23 0.00070529513888888866
41 23 0.0017903645833333337
42 23 0.00070529513888888855
43 23 2.7126736111111123e-05
57 23 1.0850694444444449e-06
58 23 2.8211805555555561e-05
59 23 7.1614583333333347e-05
60 23 2.8211805555555561e-05
61 23 1.0850694444444453e-06
4 24 1.519097222222223e-05
5 24 0.00039496527777777756
6 24 0.0010026041666666666
7 24 0.00039496527777777745
8 24 1.5190972222222215e-05
22 24 4.3402777777777827e-05
23 24 0.0011284722222222225
24 24 0.0028645833333333349
25 24 0.0011284722222222223
26 24 4.3402777777777779e-05
40 24 2.712673611111112e-05
41 24 0.00070529513888888855
42 24 0.0017903645833333341
43 24 0.00070529513888888855
44 24 2.7126736111111096e-05
58 24 1.0850694444444453e-06
59 24 2.8211805555555561e-05
60 24 7.1614583333333361e-05
61 24 2.8211805555555558e-05
62 24 1.0850694444444442e-06
5 25 1.5190972222222234e-05
6 25 0.00039496527777777745
7 25 0.0010026041666666662
8 25 0.00039496527777777777
9 25 1.519097222222223e-05
23 25 4.3402777777777834e-05
24 25 0.0011284722222222223
25 25 0.002864583333333334
26 25 0.001128472222222223
27 25 4.340277777777782e-05
41 25 2.7126736111111123e-05
42 25 0.00070529513888888855
43 25 0.0017903645833333328
44 25 0.00070529513888888877
45 25 2.7126736111111116e-05
59 25 1.0850694444444453e-06
60 25 2.8211805555555558e-05
61 25 7.1614583333333334e-05
62 25 2.8211805555555568e-05
63 25 1.0850694444444447e-06
6 26 1.5190972222222215e-05
7 26 0.00039496527777777777
8 26 0.0010026041666666662
9 26 0.00039496527777777756
10 26 1.5190972222222237e-05
24 26 4.3402777777777779e-05
25 26 0.001128472222222223
26 26 0.0028645833333333344
27 26 0.0011284722222222228
28 26 4.3402777777777847e-05
42 26 2.7126736111111096e-05
43 26 0.00070529513888888877
44 26 0.0017903645833333337
45 26 0.00070529513888888855
46 26 2.712673611111113e-05
60 26 1.0850694444444442e-06
61 26 2.8211805555555568e-05
62 26 7.161458333333332e-05
63 26 2.8211805555555561e-05
64 26 1.0850694444444457e-06
7 27 1.519097222222223e-05
8 27 0.00039496527777777756
9 27 0.0010026041666666671
10 27 0.00039496527777777761
11 27 1.519097222222223e-05
25 27 4.340277777777782e-05
26 27 0.0011284722222222228
27 27 0.0028645833333333357
28 27 0.0011284722222222225
29 27 4.3402777777777827e-05
43 27 2.7126736111111116e-05
44 27 0.00070529513888888855
45 27 0.0017903645833333346
46 27 0.00070529513888888855
47 27 2.7126736111111116e-05
61 27 1.0850694444444447e-06
62 27 2.8211805555555561e-05
63 27 7.1614583333333401e-05
64 27 2.8211805555555561e-05
65 27 1.0850694444444451e-06
8 28 1.5190972222222237e-05
9 28 0.00039496527777777761
10 28 0.0010026041666666664
11 28 0.00039496527777777761
12 28 1.5190972222222235e-05
26 28 4.3402777777777847e-05
27 28 0.0011284722222222225
28 28 0.002864583333333334
29 28 0.0011284722222222225
30 28 4.3402777777777847e-05
44 28 2.712673611111113e-05
45 28 0.00070529513888888855
46 28 0.0017903645833333337
47 28 0.00070529513888888866
48 28 2.712673611111113e-05
62 28 1.0850694444444457e-06
63 28 2.8211805555555561e-05
64 28 7.1614583333333361e-05
65 28 2.8211805555555561e-05
66 28 1.0850694444444453e-06
9 29 1.519097222222223e-05
10 29 0.00039496527777777761
11 29 0.0010026041666666668
12 29 0.00039496527777777756
13 29 1.519097222222223e-05
27 29 4.3402777777777827e-05
28 29 0.0011284722222222225
29 29 0.0028645833333333353
30 29 0.0011284722222222225
31 29 4.3402777777777827e-05
45 29 2.7126736111111116e-05
46 29 0.00070529513888888866
47 29 0.0017903645833333343
48 29 0.00070529513888888833
49 29 2.7126736111111116e-05
63 29 1.0850694444444451e-06
64 29 2.8211805555555561e-05
65 29 7.1614583333333374e-05
66 29 2.8211805555555558e-05
67 29 1.0850694444444451e-06
10 30 1.5190972222222235e-05
11 30 0.00039496527777777756
12 30 0.0010026041666666658
13 30 0.00039496527777777756
14 30 1.5190972222222237e-05
28 30 4.3402777777777847e-05
29 30 0.0011284722222222225
30 30 0.0028645833333333327
31 30 0.0011284722222222225
32 30 4.3402777777777847e-05
46 30 2.712673611111113e-05
47 30 0.00070529513888888833
48 30 0.0017903645833333328
49 30 0.00070529513888888844
50 30 2.712673611111113e-05
64 30 1.0850694444444453e-06
65 30 2.8211805555555558e-05
66 30 7.1614583333333293e-05
67 30 2.8211805555555561e-05
68 30 1.0850694444444457e-06
11 31 1.519097222222223e-05
12 31 0.00039496527777777756
13 31 0.0010026041666666668
14 31 0.00039496527777777761
15 31 1.519097222222223e-05
29 31 4.3402777777777827e-05
30 31 0.0011284722222222225
31 31 0.0028645833333333353
32 31 0.0011284722222222225
33 31 4.3402777777777827e-05
47 31 2.7126736111111116e-05
48 31 0.00070529513888888855
49 31 0.0017903645833333341
50 31 0.00070529513888888855
51 31 2.7126736111111116e-05
65 31 1.0850694444444451e-06
66 31 2.8211805555555561e-05
67 31 7.1614583333333388e-05
68 31 2.8211805555555561e-05
69 31 1.0850694444444451e-06
12 32 1.5190972222222237e-05
13 32 0.00039496527777777761
14 32 0.0010026041666666664
15 32 0.00039496527777777761
16 32 1.519097222222223e-05
30 32 4.3402777777777847e-05
31 32 0.0011284722222222225
32 32 0.002864583333333334
33 32 0.0011284722222222225
34 32 4.3402777777777827e-05
48 32 2.712673611111113e-05
49 32 0.00070529513888888855
50 32 0.0017903645833333337
51 32 0.00070529513888888855
52 32 2.7126736111111116e-05
66 32 1.0850694444444457e-06
67 32 2.8211805555555561e-05
68 32 7.1614583333333361e-05
69 32 2.8211805555555561e-05
70 32 1.0850694444444451e-06
13 33 1.519097222222223e-05
14 33 0.00039496527777777761
15 33 0.0010026041666666662
16 33 0.00039496527777777756
17 33 1.5190972222222237e-05
31 33 4.3402777777777827e-05
32 33 0.0011284722222222225
33 33 0.0028645833333333336
34 33 0.0011284722222222225
35 33 4.3402777777777847e-05
49 33 2.7126736111111116e-05
50 33 0.00070529513888888855
51 33 0.0017903645833333333
52 33 0.00070529513888888844
53 33 2.712673611111113e-05
67 33 1.0850694444444451e-06
68 33 2.8211805555555561e-05
69 33 7.161458333333332e-05
70 33 2.8211805555555561e-05
71 33 1.0850694444444457e-06
14 34 1.519097222222223e-05
15 34 0.00039496527777777756
16 34 0.0010026041666666668
17 34 0.00037977430555555551
18 34 3.0381944444444461e-05
32 34 4.3402777777777827e-05
33 34 0.0011284722222222225
34 34 0.0028645833333333353
35 34 0.0010850694444444443
36 34 8.6805555555555654e-05
50 34 2.7126736111111116e-05
51 34 0.00070529513888888855
52 34 0.0017903645833333341
53 34 0.00067816840277777797
54 34 5.4253472222222233e-05
68 34 1.0850694444444451e-06
69 34 2.8211805555555561e-05
70 34 7.1614583333333388e-05
71 34 2.712673611111112e-05
72 34 2.1701388888888902e-06
15 35 1.5190972222222237e-05
16 35 0.00037977430555555545
17 35 0.00060763888888888846
18 35 0.00021267361111111132
33 35 4.3402777777777847e-05
34 35 0.0010850694444444443
35 35 0.0017361111111111106
36 35 0.00060763888888888955
51 35 2.712673611111113e-05
52 35 0.00067816840277777797
53 35 0.0010850694444444441
54 35 0.000379774305555556
69 35 1.0850694444444457e-06
70 35 2.712673611111112e-05
71 35 4.3402777777777759e-05
72 35 1.519097222222224e-05
16 36 3.0381944444444461e-05
17 36 0.00021267361111111132
18 36 0.0003645833333333327
34 36 8.6805555555555654e-05
35 36 0.00060763888888888955
36 36 0.0010416666666666649
52 36 5.4253472222222233e-05
53 36 0.000379774305555556
54 36 0.00065104166666666544
70 36 2.1701388888888902e-06
71 36 1.519097222222224e-05
72 36 2.6041666666666628e-05
1 37 5.2083333333333316e-05
2 37 3.0381944444444454e-05
3 37 4.3402777777777795e-06
19 37 0.0006510416666666662
20 37 0.00037977430555555551
21 37 5.4253472222222226e-05
37 37 0.0017187499999999998
38 37 0.0010026041666666666
39 37 0.00014322916666666669
55 37 0.00067708333333333271
56 37 0.00039496527777777772
57 37 5.6423611111111109e-05
73 37 2.6041666666666662e-05
74 37 1.5190972222222223e-05
75 37 2.1701388888888897e-06
1 38 3.0381944444444454e-05
2 38 8.6805555555555613e-05
3 38 5.4253472222222226e-05
4 38 2.1701388888888897e-06
19 38 0.00037977430555555551
20 38 0.0010850694444444445
21 38 0.00067816840277777743
22 38 2.7126736111111113e-05
37 38 0.0010026041666666666
38 38 0.002864583333333334
39 38 0.0017903645833333337
40 38 7.1614583333333347e-05
55 38 0.00039496527777777766
56 38 0.0011284722222222225
57 38 0.00070529513888888844
58 38 2.8211805555555558e-05
73 38 1.5190972222222223e-05
74 38 4.3402777777777807e-05
75 38 2.7126736111111106e-05
76 38 1.0850694444444449e-06
1 39 4.3402777777777795e-06
2 39 5.4253472222222226e-05
3 39 0.00014322916666666667
4 39 5.6423611111111109e-05
5 39 2.1701388888888897e-06
19 39 5.4253472222222226e-05
20 39 0.00067816840277777743
21 39 0.0017903645833333335
22 39 0.00070529513888888866
23 39 2.7126736111111106e-05
37 39 0.00014322916666666669
38 39 0.0017903645833333337
39 39 0.0047265624999999999
40 39 0.0018619791666666661
41 39 7.1614583333333347e-05
55 39 5.6423611111111115e-05
56 39 0.00070529513888888844
57 39 0.0018619791666666661
58 39 0.00073350694444444407
59 39 2.8211805555555551e-05
73 39 2.1701388888888897e-06
74 39 2.7126736111111106e-05
75 39 7.1614583333333347e-05
76 39 2.8211805555555547e-05
77 39 1.0850694444444449e-06
2 40 2.1701388888888897e-06
3 40 5.6423611111111109e-05
4 40 0.00014322916666666669
5 40 5.6423611111111122e-05
6 40 2.1701388888888906e-06
20 40 2.7126736111111113e-05
21 40 0.00070529513888888866
22 40 0.0017903645833333333
23 40 0.00070529513888888866
24 40 2.712673611111112e-05
38 40 7.1614583333333347e-05
39 40 0.0018619791666666661
40 40 0.0047265625000000016
41 40 0.0018619791666666669
42 40 7.1614583333333388e-05
56 40 2.8211805555555558e-05
57 40 0.00073350694444444407
58 40 0.0018619791666666663
59 40 0.00073350694444444407
60 40 2.8211805555555564e-05
74 40 1.0850694444444449e-06
75 40 2.8211805555555547e-05
76 40 7.1614583333333347e-05
77 40 2.8211805555555554e-05
78 40 1.0850694444444455e-06
3 41 2.1701388888888897e-06
4 41 5.6423611111111122e-05
5 41 0.00014322916666666669
6 41 5.6423611111111122e-05
7 41 2.1701388888888906e-06
21 41 2.7126736111111106e-05
22 41 0.00070529513888888866
23 41 0.0017903645833333337
24 41 0.00070529513888888855
25 41 2.712673611111113e-05
39 41 7.1614583333333334e-05
40 41 0.0018619791666666669
41 41 0.0047265625000000025
42 41 0.0018619791666666667
43 41 7.1614583333333401e-05
57 41 2.8211805555555547e-05
58 41 0.00073350694444444407
59 41 0.0018619791666666663
60 41 0.00073350694444444386
61 41 2.8211805555555568e-05
75 41 1.0850694444444449e-06
76 41 2.8211805555555554e-05
77 41 7.1614583333333361e-05
78 41 2.8211805555555554e-05
79 41 1.0850694444444455e-06
4 42 2.1701388888888906e-06
5 42 5.6423611111111122e-05
6 42 0.00014322916666666672
7 42 5.6423611111111115e-05
8 42 2.1701388888888885e-06
22 42 2.712673611111112e-05
23 42 0.00070529513888888855
24 42 0.0017903645833333341
25 42 0.00070529513888888855
26 42 2.7126736111111096e-05
40 42 7.1614583333333388e-05
41 42 0.0018619791666666667
42 42 0.0047265625000000025
43 42 0.0018619791666666661
44 42 7.1614583333333307e-05
58 42 2.8211805555555564e-05
59 42 0.00073350694444444386
60 42 0.0018619791666666661
61 42 0.00073350694444444386
62 42 2.8211805555555537e-05
76 42 1.0850694444444455e-06
77 42 2.8211805555555554e-05
78 42 7.1614583333333361e-05
79 42 2.8211805555555551e-05
80 42 1.085069444444444e-06
5 43 2.1701388888888906e-06
6 43 5.6423611111111115e-05
7 43 0.00014322916666666667
8 43 5.6423611111111136e-05
9 43 2.1701388888888893e-06
23 43 2.7126736111111123e-05
24 43 0.00070529513888888855
25 43 0.001790364583333333
26 43 0.00070529513888888877
27 43 2.7126736111111116e-05
41 43 7.1614583333333401e-05
42 43 0.0018619791666666661
43 43 0.0047265624999999999
44 43 0.0018619791666666672
45 43 7.1614583333333361e-05
59 43 2.8211805555555568e-05
60 43 0.00073350694444444386
61 43 0.0018619791666666659
62 43 0.00073350694444444418
63 43 2.8211805555555558e-05
77 43 1.0850694444444455e-06
78 43 2.8211805555555551e-05
79 43 7.1614583333333334e-05
80 43 2.8211805555555554e-05
81 43 1.0850694444444451e-06
6 44 2.1701388888888885e-06
7 44 5.6423611111111136e-05
8 44 0.00014322916666666664
9 44 5.6423611111111122e-05
10 44 2.1701388888888914e-06
24 44 2.7126736111111096e-05
25 44 0.00070529513888888877
26 44 0.0017903645833333335
27 44 0.00070529513888888855
28 44 2.7126736111111137e-05
42 44 7.1614583333333307e-05
43 44 0.0018619791666666672
44 44 0.0047265624999999999
45 44 0.0018619791666666667
46 44 7.1614583333333415e-05
60 44 2.8211805555555537e-05
61 44 0.00073350694444444418
62 44 0.0018619791666666659
63 44 0.00073350694444444396
64 44 2.8211805555555575e-05
78 44 1.085069444444444e-06
79 44 2.8211805555555554e-05
80 44 7.1614583333333334e-05
81 44 2.8211805555555551e-05
82 44 1.0850694444444457e-06
7 45 2.1701388888888893e-06
8 45 5.6423611111111122e-05
9 45 0.0001432291666666668
10 45 5.6423611111111122e-05
11 45 2.1701388888888902e-06
25 45 2.7126736111111116e-05
26 45 0.00070529513888888855
27 45 0.0017903645833333346
28 45 0.00070529513888888855
29 45 2.7126736111111123e-05
43 45 7.1614583333333361e-05
44 45 0.0018619791666666667
45 45 0.0047265625000000033
46 45 0.0018619791666666667
47 45 7.1614583333333388e-05
61 45 2.8211805555555558e-05
62 45 0.00073350694444444396
63 45 0.0018619791666666669
64 45 0.00073350694444444396
65 45 2.8211805555555561e-05
79 45 1.0850694444444451e-06
80 45 2.8211805555555551e-05
81 45 7.1614583333333401e-05
82 45 2.8211805555555558e-05
83 45 1.0850694444444453e-06
8 46 2.1701388888888914e-06
9 46 5.6423611111111122e-05
10 46 0.00014322916666666672
11 46 5.6423611111111122e-05
12 46 2.1701388888888906e-06
26 46 2.712673611111113e-05
27 46 0.00070529513888888855
28 46 0.0017903645833333337
29 46 0.00070529513888888866
30 46 2.7126736111111137e-05
44 46 7.1614583333333415e-05
45 46 0.0018619791666666667
46 46 0.0047265625000000007
47 46 0.0018619791666666667
48 46 7.1614583333333388e-05
62 46 2.8211805555555575e-05
63 46 0.00073350694444444396
64 46 0.0018619791666666659
65 46 0.00073350694444444407
66 46 2.8211805555555575e-05
80 46 1.0850694444444459e-06
81 46 2.8211805555555554e-05
82 46 7.1614583333333347e-05
83 46 2.8211805555555554e-05
84 46 1.0850694444444455e-06
9 47 2.1701388888888902e-06
10 47 5.6423611111111122e-05
11 47 0.00014322916666666675
12 47 5.6423611111111115e-05
13 47 2.1701388888888902e-06
27 47 2.7126736111111116e-05
28 47 0.00070529513888888866
29 47 0.0017903645833333343
30 47 0.00070529513888888833
31 47 2.7126736111111123e-05
45 47 7.1614583333333388e-05
46 47 0.0018619791666666667
47 47 0.0047265625000000016
48 47 0.0018619791666666663
49 47 7.1614583333333388e-05
63 47 2.8211805555555561e-05
64 47 0.00073350694444444407
65 47 0.0018619791666666665
66 47 0.00073350694444444375
67 47 2.8211805555555561e-05
81 47 1.0850694444444453e-06
82 47 2.8211805555555554e-05
83 47 7.1614583333333374e-05
84 47 2.8211805555555551e-05
85 47 1.0850694444444453e-06
10 48 2.1701388888888906e-06
11 48 5.6423611111111115e-05
12 48 0.00014322916666666659
13 48 5.6423611111111122e-05
14 48 2.1701388888888914e-06
28 48 2.712673611111113e-05
29 48 0.00070529513888888833
30 48 0.0017903645833333326
31 48 0.00070529513888888855
32 48 2.7126736111111137e-05
46 48 7.1614583333333388e-05
47 48 0.0018619791666666663
48 48 0.0047265624999999973
49 48 0.0018619791666666663
50 48 7.1614583333333415e-05
64 48 2.8211805555555575e-05
65 48 0.00073350694444444375
66 48 0.0018619791666666646
67 48 0.00073350694444444386
68 48 2.8211805555555575e-05
82 48 1.0850694444444455e-06
83 48 2.8211805555555551e-05
84 48 7.1614583333333293e-05
85 48 2.8211805555555547e-05
86 48 1.0850694444444457e-06
11 49 2.1701388888888902e-06
12 49 5.6423611111111122e-05
13 49 0.00014322916666666678
14 49 5.6423611111111122e-05
15 49 2.1701388888888902e-06
29 49 2.7126736111111116e-05
30 49 0.00070529513888888855
31 49 0.0017903645833333341
32 49 0.00070529513888888855
33 49 2.7126736111111123e-05
47 49 7.1614583333333388e-05
48 49 0.0018619791666666663
49 49 0.0047265625000000025
50 49 0.0018619791666666667
51 49 7.1614583333333388e-05
65 49 2.8211805555555561e-05
66 49 0.00073350694444444386
67 49 0.0018619791666666665
68 49 0.00073350694444444396
69 49 2.8211805555555561e-05
83 49 1.0850694444444453e-06
84 49 2.8211805555555547e-05
85 49 7.1614583333333374e-05
86 49 2.8211805555555558e-05
87 49 1.0850694444444453e-06
12 50 2.1701388888888914e-06
13 50 5.6423611111111122e-05
14 50 0.00014322916666666672
15 50 5.6423611111111122e-05
16 50 2.1701388888888902e-06
30 50 2.712673611111113e-05
31 50 0.00070529513888888855
32 50 0.0017903645833333337
33 50 0.00070529513888888855
34 50 2.7126736111111123e-05
48 50 7.1614583333333415e-05
49 50 0.0018619791666666667
50 50 0.0047265625000000007
51 50 0.0018619791666666663
52 50 7.1614583333333388e-05
66 50 2.8211805555555575e-05
67 50 0.00073350694444444396
68 50 0.0018619791666666659
69 50 0.00073350694444444386
70 50 2.8211805555555561e-05
84 50 1.0850694444444459e-06
85 50 2.8211805555555554e-05
86 50 7.1614583333333347e-05
87 50 2.8211805555555554e-05
88 50 1.0850694444444453e-06
13 51 2.1701388888888902e-06
14 51 5.6423611111111122e-05
15 51 0.00014322916666666664
16 51 5.6423611111111122e-05
17 51 2.1701388888888914e-06
31 51 2.7126736111111116e-05
32 51 0.00070529513888888855
33 51 0.001790364583333333
34 51 0.00070529513888888855
35 51 2.7126736111111137e-05
49 51 7.1614583333333388e-05
50 51 0.0018619791666666663
51 51 0.004726562499999999
52 51 0.0018619791666666663
53 51 7.1614583333333415e-05
67 51 2.8211805555555561e-05
68 51 0.00073350694444444386
69 51 0.001861979166666665
70 51 0.00073350694444444386
71 51 2.8211805555555575e-05
85 51 1.0850694444444453e-06
86 51 2.8211805555555554e-05
87 51 7.161458333333332e-05
88 51 2.8211805555555547e-05
89 51 1.0850694444444457e-06
14 52 2.1701388888888902e-06
15 52 5.6423611111111122e-05
16 52 0.00014322916666666678
17 52 5.425347222222224e-05
18 52 4.3402777777777803e-06
32 52 2.7126736111111116e-05
33 52 0.00070529513888888855
34 52 0.0017903645833333341
35 52 0.00067816840277777797
36 52 5.4253472222222246e-05
50 52 7.1614583333333388e-05
51 52 0.0018619791666666663
52 52 0.0047265625000000025
53 52 0.0017903645833333333
54 52 0.00014322916666666678
68 52 2.8211805555555561e-05
69 52 0.00073350694444444386
70 52 0.0018619791666666665
71 52 0.00070529513888888888
72 52 5.6423611111111122e-05
86 52 1.0850694444444453e-06
87 52 2.8211805555555547e-05
88 52 7.1614583333333374e-05
89 52 2.7126736111111123e-05
90 52 2.1701388888888906e-06
15 53 2.1701388888888914e-06
16 53 5.425347222222224e-05
17 53 8.6805555555555518e-05
18 53 3.0381944444444481e-05
33 53 2.712673611111113e-05
34 53 0.00067816840277777797
35 53 0.0010850694444444443
36 53 0.000379774305555556
51 53 7.1614583333333415e-05
52 53 0.0017903645833333333
53 53 0.0028645833333333336
54 53 0.0010026041666666675
69 53 2.8211805555555575e-05
70 53 0.00070529513888888888
71 53 0.0011284722222222219
72 53 0.0003949652777777781
87 53 1.0850694444444459e-06
88 53 2.7126736111111123e-05
89 53 4.3402777777777752e-05
90 53 1.5190972222222237e-05
16 54 4.3402777777777803e-06
17 54 3.0381944444444481e-05
18 54 5.2083333333333255e-05
34 54 5.4253472222222233e-05
35 54 0.000379774305555556
36 54 0.00065104166666666544
52 54 0.00014322916666666678
53 54 0.0010026041666666675
54 54 0.0017187499999999974
70 54 5.6423611111111122e-05
71 54 0.0003949652777777781
72 54 0.00067708333333333206
88 54 2.1701388888888906e-06
89 54 1.5190972222222237e-05
90 54 2.6041666666666628e-05
19 55 2.6041666666666665e-05
20 55 1.5190972222222227e-05
21 55 2.1701388888888897e-06
37 55 0.00067708333333333281
38 55 0.00039496527777777772
39 55 5.6423611111111115e-05
55 55 0.0017187499999999996
56 55 0.0010026041666666668
57 55 0.00014322916666666669
73 55 0.00067708333333333292
74 55 0.00039496527777777777
75 55 5.6423611111111122e-05
91 55 2.6041666666666675e-05
92 55 1.5190972222222232e-05
93 55 2.170138888888891e-06
19 56 1.5190972222222227e-05
20 56 4.3402777777777807e-05
21 56 2.7126736111111113e-05
22 56 1.0850694444444449e-06
37 56 0.00039496527777777772
38 56 0.0011284722222222223
39 56 0.00070529513888888844
40 56 2.8211805555555558e-05
55 56 0.0010026041666666668
56 56 0.0028645833333333336
57 56 0.0017903645833333339
58 56 7.1614583333333347e-05
73 56 0.00039496527777777777
74 56 0.0011284722222222225
75 56 0.00070529513888888855
76 56 2.8211805555555561e-05
91 56 1.5190972222222232e-05
92 56 4.3402777777777827e-05
93 56 2.712673611111112e-05
94 56 1.0850694444444455e-06
19 57 2.1701388888888897e-06
20 57 2.7126736111111113e-05
21 57 7.1614583333333334e-05
22 57 2.8211805555555554e-05
23 57 1.0850694444444449e-06
37 57 5.6423611111111115e-05
38 57 0.00070529513888888844
39 57 0.0018619791666666661
40 57 0.00073350694444444407
41 57 2.8211805555555551e-05
55 57 0.00014322916666666669
56 57 0.0017903645833333339
57 57 0.0047265625000000016
58 57 0.0018619791666666663
59 57 7.1614583333333361e-05
73 57 5.6423611111111122e-05
74 57 0.00070529513888888855
75 57 0.0018619791666666667
76 57 0.00073350694444444418
77 57 2.8211805555555554e-05
91 57 2.1701388888888906e-06
92 57 2.712673611111112e-05
93 57 7.1614583333333388e-05
94 57 2.8211805555555561e-05
95 57 1.0850694444444455e-06
20 58 1.0850694444444449e-06
21 58 2.8211805555555554e-05
22 58 7.1614583333333347e-05
23 58 2.8211805555555561e-05
24 58 1.0850694444444453e-06
38 58 2.8211805555555558e-05
39 58 0.00073350694444444396
40 58 0.0018619791666666663
41 58 0.00073350694444444407
42 58 2.8211805555555564e-05
56 58 7.1614583333333347e-05
57 58 0.0018619791666666663
58 58 0.0047265625000000025
59 58 0.0018619791666666669
60 58 7.1614583333333388e-05
74 58 2.8211805555555561e-05
75 58 0.00073350694444444418
76 58 0.0018619791666666669
77 58 0.00073350694444444429
78 58 2.8211805555555568e-05
92 58 1.0850694444444455e-06
93 58 2.8211805555555561e-05
94 58 7.1614583333333388e-05
95 58 2.8211805555555568e-05
96 58 1.0850694444444459e-06
21 59 1.0850694444444449e-06
22 59 2.8211805555555561e-05
23 59 7.1614583333333347e-05
24 59 2.8211805555555561e-05
25 59 1.0850694444444453e-06
39 59 2.8211805555555551e-05
40 59 0.00073350694444444407
41 59 0.0018619791666666663
42 59 0.00073350694444444386
43 59 2.8211805555555568e-05
57 59 7.1614583333333361e-05
58 59 0.0018619791666666672
59 59 0.0047265625000000042
60 59 0.0018619791666666669
61 59 7.1614583333333401e-05
75 59 2.8211805555555558e-05
76 59 0.00073350694444444429
77 59 0.0018619791666666669
78 59 0.00073350694444444418
79 59 2.8211805555555571e-05
93 59 1.0850694444444455e-06
94 59 2.8211805555555568e-05
95 59 7.1614583333333401e-05
96 59 2.8211805555555568e-05
97 59 1.0850694444444459e-06
22 60 1.0850694444444453e-06
23 60 2.8211805555555561e-05
24 60 7.1614583333333361e-05
25 60 2.8211805555555558e-05
26 60 1.0850694444444442e-06
40 60 2.8211805555555564e-05
41 60 0.00073350694444444386
42 60 0.0018619791666666661
43 60 0.00073350694444444386
44 60 2.8211805555555537e-05
58 60 7.1614583333333388e-05
59 60 0.0018619791666666669
60 60 0.0047265625000000042
61 60 0.0018619791666666661
62 60 7.1614583333333307e-05
76 60 2.8211805555555568e-05
77 60 0.00073350694444444418
78 60 0.0018619791666666667
79 60 0.00073350694444444418
80 60 2.8211805555555541e-05
94 60 1.0850694444444459e-06
95 60 2.8211805555555568e-05
96 60 7.1614583333333401e-05
97 60 2.8211805555555564e-05
98 60 1.0850694444444447e-06
23 61 1.0850694444444453e-06
24 61 2.8211805555555558e-05
25 61 7.1614583333333334e-05
26 61 2.8211805555555568e-05
27 61 1.0850694444444447e-06
41 61 2.8211805555555568e-05
42 61 0.00073350694444444386
43 61 0.0018619791666666659
44 61 0.00073350694444444418
45 61 2.8211805555555558e-05
59 61 7.1614583333333401e-05
60 61 0.0018619791666666663
61 61 0.0047265625000000007
62 61 0.0018619791666666674
63 61 7.1614583333333361e-05
77 61 2.8211805555555571e-05
78 61 0.00073350694444444418
79 61 0.0018619791666666665
80 61 0.0007335069444444444
81 61 2.8211805555555561e-05
95 61 1.0850694444444459e-06
96 61 2.8211805555555564e-05
97 61 7.1614583333333361e-05
98 61 2.8211805555555568e-05
99 61 1.0850694444444457e-06
24 62 1.0850694444444442e-06
25 62 2.8211805555555568e-05
26 62 7.161458333333332e-05
27 62 2.8211805555555561e-05
28 62 1.0850694444444457e-06
42 62 2.8211805555555537e-05
43 62 0.00073350694444444418
44 62 0.0018619791666666659
45 62 0.00073350694444444396
46 62 2.8211805555555575e-05
60 62 7.1614583333333307e-05
61 62 0.0018619791666666674
62 62 0.0047265625000000016
63 62 0.0018619791666666667
64 62 7.1614583333333429e-05
78 62 2.8211805555555541e-05
79 62 0.0007335069444444444
80 62 0.0018619791666666663
81 62 0.00073350694444444418
82 62 2.8211805555555578e-05
96 62 1.0850694444444447e-06
97 62 2.8211805555555568e-05
98 62 7.1614583333333388e-05
99 62 2.8211805555555568e-05
100 62 1.0850694444444461e-06
25 63 1.0850694444444447e-06
26 63 2.8211805555555561e-05
27 63 7.1614583333333401e-05
28 63 2.8211805555555561e-05
29 63 1.0850694444444451e-06
43 63 2.8211805555555558e-05
44 63 0.00073350694444444396
45 63 0.0018619791666666669
46 63 0.00073350694444444386
47 63 2.8211805555555561e-05
61 63 7.1614583333333361e-05
62 63 0.0018619791666666667
63 63 0.0047265625000000051
64 63 0.0018619791666666669
65 63 7.1614583333333388e-05
79 63 2.8211805555555561e-05
80 63 0.00073350694444444418
81 63 0.0018619791666666676
82 63 0.00073350694444444418
83 63 2.8211805555555564e-05
97 63 1.0850694444444457e-06
98 63 2.8211805555555568e-05
99 63 7.1614583333333429e-05
100 63 2.8211805555555568e-05
101 63 1.0850694444444457e-06
26 64 1.0850694444444457e-06
27 64 2.8211805555555561e-05
28 64 7.1614583333333361e-05
29 64 2.8211805555555561e-05
30 64 1.0850694444444453e-06
44 64 2.8211805555555575e-05
45 64 0.00073350694444444386
46 64 0.0018619791666666659
47 64 0.00073350694444444407
48 64 2.8211805555555575e-05
62 64 7.1614583333333429e-05
63 64 0.0018619791666666669
64 64 0.0047265625000000033
65 64 0.0018619791666666672
66 64 7.1614583333333388e-05
80 64 2.8211805555555578e-05
81 64 0.00073350694444444418
82 64 0.0018619791666666665
83 64 0.0007335069444444444
84 64 2.8211805555555578e-05
98 64 1.0850694444444463e-06
99 64 2.8211805555555568e-05
100 64 7.1614583333333388e-05
101 64 2.8211805555555568e-05
102 64 1.0850694444444459e-06
27 65 1.0850694444444451e-06
28 65 2.8211805555555561e-05
29 65 7.1614583333333374e-05
30 65 2.8211805555555558e-05
31 65 1.0850694444444451e-06
45 65 2.8211805555555561e-05
46 65 0.00073350694444444407
47 65 0.0018619791666666665
48 65 0.00073350694444444375
49 65 2.8211805555555561e-05
63 65 7.1614583333333388e-05
64 65 0.0018619791666666672
65 65 0.0047265625000000042
66 65 0.0018619791666666665
67 65 7.1614583333333388e-05
81 65 2.8211805555555564e-05
82 65 0.0007335069444444444
83 65 0.0018619791666666672
84 65 0.00073350694444444396
85 65 2.8211805555555564e-05
99 65 1.0850694444444459e-06
100 65 2.8211805555555568e-05
101 65 7.1614583333333415e-05
102 65 2.8211805555555568e-05
103 65 1.0850694444444457e-06
28 66 1.0850694444444453e-06
29 66 2.8211805555555558e-05
30 66 7.1614583333333293e-05
31 66 2.8211805555555561e-05
32 66 1.0850694444444457e-06
46 66 2.8211805555555575e-05
47 66 0.00073350694444444375
48 66 0.0018619791666666646
49 66 0.00073350694444444386
50 66 2.8211805555555575e-05
64 66 7.1614583333333388e-05
65 66 0.0018619791666666665
66 66 0.0047265624999999999
67 66 0.0018619791666666665
68 66 7.1614583333333429e-05
82 66 2.8211805555555578e-05
83 66 0.00073350694444444396
84 66 0.001861979166666665
85 66 0.00073350694444444418
86 66 2.8211805555555578e-05
100 66 1.0850694444444461e-06
101 66 2.8211805555555568e-05
102 66 7.1614583333333347e-05
103 66 2.8211805555555564e-05
104 66 1.0850694444444461e-06
29 67 1.0850694444444451e-06
30 67 2.8211805555555561e-05
31 67 7.1614583333333388e-05
32 67 2.8211805555555561e-05
33 67 1.0850694444444451e-06
47 67 2.8211805555555561e-05
48 67 0.00073350694444444386
49 67 0.0018619791666666665
50 67 0.00073350694444444386
51 67 2.8211805555555561e-05
65 67 7.1614583333333388e-05
66 67 0.0018619791666666665
67 67 0.0047265625000000042
68 67 0.0018619791666666669
69 67 7.1614583333333388e-05
83 67 2.8211805555555564e-05
84 67 0.00073350694444444418
85 67 0.0018619791666666672
86 67 0.00073350694444444418
87 67 2.8211805555555564e-05
101 67 1.0850694444444459e-06
102 67 2.8211805555555564e-05
103 67 7.1614583333333415e-05
104 67 2.8211805555555568e-05
105 67 1.0850694444444457e-06
30 68 1.0850694444444457e-06
31 68 2.8211805555555561e-05
32 68 7.1614583333333361e-05
33 68 2.8211805555555561e-05
34 68 1.0850694444444451e-06
48 68 2.8211805555555575e-05
49 68 0.00073350694444444386
50 68 0.0018619791666666659
51 68 0.00073350694444444386
52 68 2.8211805555555561e-05
66 68 7.1614583333333429e-05
67 68 0.0018619791666666669
68 68 0.0047265625000000033
69 68 0.0018619791666666667
70 68 7.1614583333333388e-05
84 68 2.8211805555555578e-05
85 68 0.00073350694444444418
86 68 0.0018619791666666665
87 68 0.00073350694444444418
88 68 2.8211805555555564e-05
102 68 1.0850694444444463e-06
103 68 2.8211805555555568e-05
104 68 7.1614583333333388e-05
105 68 2.8211805555555568e-05
106 68 1.0850694444444457e-06
31 69 1.0850694444444451e-06
32 69 2.8211805555555561e-05
33 69 7.161458333333332e-05
34 69 2.8211805555555561e-05
35 69 1.0850694444444457e-06
49 69 2.8211805555555561e-05
50 69 0.00073350694444444386
51 69 0.001861979166666665
52 69 0.00073350694444444386
53 69 2.8211805555555575e-05
67 69 7.1614583333333388e-05
68 69 0.0018619791666666667
69 69 0.0047265625000000016
70 69 0.0018619791666666665
71 69 7.1614583333333429e-05
85 69 2.8211805555555564e-05
86 69 0.00073350694444444418
87 69 0.0018619791666666659
88 69 0.00073350694444444418
89 69 2.8211805555555578e-05
103 69 1.0850694444444459e-06
104 69 2.8211805555555568e-05
105 69 7.1614583333333374e-05
106 69 2.8211805555555564e-05
107 69 1.0850694444444461e-06
32 70 1.0850694444444451e-06
33 70 2.8211805555555561e-05
34 70 7.1614583333333388e-05
35 70 2.712673611111112e-05
36 70 2.1701388888888902e-06
50 70 2.8211805555555561e-05
51 70 0.00073350694444444386
52 70 0.0018619791666666665
53 70 0.00070529513888888888
54 70 5.6423611111111122e-05
68 70 7.1614583333333388e-05
69 70 0.0018619791666666665
70 70 0.0047265625000000042
71 70 0.001790364583333333
72 70 0.00014322916666666678
86 70 2.8211805555555564e-05
87 70 0.00073350694444444418
88 70 0.0018619791666666672
89 70 0.00070529513888888899
90 70 5.6423611111111129e-05
104 70 1.0850694444444459e-06
105 70 2.8211805555555564e-05
106 70 7.1614583333333415e-05
107 70 2.712673611111113e-05
108 70 2.1701388888888914e-06
33 71 1.0850694444444457e-06
34 71 2.712673611111112e-05
