# Created by Octave 5.2.0, Wed Nov 03 23:06:55 2021 CET <omen@omen-linux>
# name: ans
# type: sparse matrix
# nnz: 23716
# rows: 1024
# columns: 1024
1 1 0.00017777777777777762
2 1 0.00010370370370370367
3 1 1.4814814814814812e-05
33 1 0.00010370370370370365
34 1 6.0493827160493818e-05
35 1 8.6419753086419784e-06
65 1 1.4814814814814812e-05
66 1 8.641975308641975e-06
67 1 1.234567901234569e-06
1 2 0.00010370370370370367
2 2 0.00029629629629629613
3 2 0.00018518518518518512
4 2 7.4074074074074066e-06
33 2 6.0493827160493818e-05
34 2 0.00017283950617283953
35 2 0.00010802469135802471
36 2 4.3209876543209883e-06
65 2 8.641975308641975e-06
66 2 2.469135802469136e-05
67 2 1.5432098765432099e-05
68 2 6.1728395061728438e-07
1 3 1.4814814814814812e-05
2 3 0.00018518518518518512
3 3 0.00048888888888888864
4 3 0.00019259259259259254
5 3 7.4074074074074049e-06
33 3 8.6419753086419784e-06
34 3 0.00010802469135802471
35 3 0.00028518518518518536
36 3 0.00011234567901234568
37 3 4.3209876543209866e-06
65 3 1.234567901234569e-06
66 3 1.5432098765432099e-05
67 3 4.0740740740740759e-05
68 3 1.6049382716049388e-05
69 3 6.1728395061728438e-07
2 4 7.4074074074074066e-06
3 4 0.00019259259259259251
4 4 0.00048888888888888864
5 4 0.00019259259259259254
6 4 7.4074074074074024e-06
34 4 4.3209876543209883e-06
35 4 0.00011234567901234568
36 4 0.00028518518518518525
37 4 0.00011234567901234571
38 4 4.3209876543209849e-06
66 4 6.1728395061728438e-07
67 4 1.6049382716049388e-05
68 4 4.0740740740740745e-05
69 4 1.6049382716049392e-05
70 4 6.1728395061728396e-07
3 5 7.4074074074074049e-06
4 5 0.00019259259259259257
5 5 0.00048888888888888864
6 5 0.00019259259259259248
7 5 7.4074074074074016e-06
35 5 4.3209876543209858e-06
36 5 0.00011234567901234572
37 5 0.00028518518518518525
38 5 0.00011234567901234568
39 5 4.3209876543209841e-06
67 5 6.1728395061728427e-07
68 5 1.6049382716049395e-05
69 5 4.0740740740740752e-05
70 5 1.6049382716049385e-05
71 5 6.1728395061728396e-07
4 6 7.4074074074074024e-06
5 6 0.00019259259259259248
6 6 0.00048888888888888864
7 6 0.00019259259259259257
8 6 7.4074074074074109e-06
36 6 4.3209876543209849e-06
37 6 0.00011234567901234568
38 6 0.0002851851851851853
39 6 0.00011234567901234569
40 6 4.32098765432099e-06
68 6 6.1728395061728396e-07
69 6 1.6049382716049385e-05
70 6 4.0740740740740779e-05
71 6 1.6049382716049395e-05
72 6 6.172839506172847e-07
5 7 7.4074074074074016e-06
6 7 0.00019259259259259259
7 7 0.00048888888888888853
8 7 0.00019259259259259265
9 7 7.4074074074074109e-06
37 7 4.3209876543209841e-06
38 7 0.00011234567901234569
39 7 0.00028518518518518519
40 7 0.00011234567901234572
41 7 4.3209876543209909e-06
69 7 6.1728395061728396e-07
70 7 1.6049382716049395e-05
71 7 4.0740740740740752e-05
72 7 1.6049382716049395e-05
73 7 6.1728395061728459e-07
6 8 7.4074074074074109e-06
7 8 0.00019259259259259265
8 8 0.00048888888888888897
9 8 0.00019259259259259251
10 8 7.4074074074074185e-06
38 8 4.32098765432099e-06
39 8 0.00011234567901234572
40 8 0.00028518518518518541
41 8 0.00011234567901234569
42 8 4.3209876543209934e-06
70 8 6.172839506172847e-07
71 8 1.6049382716049395e-05
72 8 4.0740740740740792e-05
73 8 1.6049382716049382e-05
74 8 6.1728395061728523e-07
7 9 7.4074074074074109e-06
8 9 0.00019259259259259251
9 9 0.00048888888888888875
10 9 0.00019259259259259262
11 9 7.4074074074074058e-06
39 9 4.3209876543209909e-06
40 9 0.00011234567901234569
41 9 0.00028518518518518536
42 9 0.00011234567901234572
43 9 4.3209876543209875e-06
71 9 6.1728395061728459e-07
72 9 1.6049382716049382e-05
73 9 4.0740740740740799e-05
74 9 1.6049382716049395e-05
75 9 6.1728395061728417e-07
8 10 7.4074074074074185e-06
9 10 0.00019259259259259262
10 10 0.00048888888888888875
11 10 0.00019259259259259251
12 10 7.4074074074074058e-06
40 10 4.3209876543209934e-06
41 10 0.00011234567901234572
42 10 0.00028518518518518536
43 10 0.00011234567901234568
44 10 4.3209876543209875e-06
72 10 6.1728395061728523e-07
73 10 1.6049382716049399e-05
74 10 4.0740740740740792e-05
75 10 1.6049382716049388e-05
76 10 6.1728395061728417e-07
9 11 7.4074074074074058e-06
10 11 0.00019259259259259251
11 11 0.00048888888888888853
12 11 0.00019259259259259248
13 11 7.4074074074073778e-06
41 11 4.3209876543209875e-06
42 11 0.00011234567901234568
43 11 0.00028518518518518525
44 11 0.00011234567901234565
45 11 4.3209876543209705e-06
73 11 6.1728395061728417e-07
74 11 1.6049382716049392e-05
75 11 4.0740740740740779e-05
76 11 1.6049382716049375e-05
77 11 6.1728395061728173e-07
10 12 7.4074074074074058e-06
11 12 0.00019259259259259248
12 12 0.00048888888888888832
13 12 0.00019259259259259276
14 12 7.4074074074074363e-06
42 12 4.3209876543209875e-06
43 12 0.00011234567901234565
44 12 0.00028518518518518509
45 12 0.00011234567901234582
46 12 4.3209876543210053e-06
74 12 6.1728395061728417e-07
75 12 1.6049382716049378e-05
76 12 4.0740740740740738e-05
77 12 1.6049382716049409e-05
78 12 6.1728395061728671e-07
11 13 7.4074074074073778e-06
12 13 0.00019259259259259276
13 13 0.00048888888888888897
14 13 0.00019259259259259254
15 13 7.407407407407416e-06
43 13 4.3209876543209705e-06
44 13 0.00011234567901234582
45 13 0.00028518518518518552
46 13 0.00011234567901234568
47 13 4.3209876543209951e-06
75 13 6.1728395061728173e-07
76 13 1.6049382716049409e-05
77 13 4.0740740740740806e-05
78 13 1.6049382716049392e-05
79 13 6.1728395061728491e-07
12 14 7.4074074074074363e-06
13 14 0.00019259259259259257
14 14 0.00048888888888888897
15 14 0.0001925925925925924
16 14 7.4074074074074049e-06
44 14 4.3209876543210053e-06
45 14 0.00011234567901234568
46 14 0.00028518518518518547
47 14 0.00011234567901234561
48 14 4.3209876543209883e-06
76 14 6.1728395061728671e-07
77 14 1.6049382716049392e-05
78 14 4.0740740740740813e-05
79 14 1.6049382716049371e-05
80 14 6.1728395061728396e-07
13 15 7.407407407407416e-06
14 15 0.0001925925925925924
15 15 0.00048888888888888853
16 15 0.00019259259259259257
17 15 7.4074074074074227e-06
45 15 4.3209876543209951e-06
46 15 0.00011234567901234561
47 15 0.00028518518518518509
48 15 0.00011234567901234574
49 15 4.3209876543209976e-06
77 15 6.1728395061728491e-07
78 15 1.6049382716049371e-05
79 15 4.0740740740740759e-05
80 15 1.6049382716049392e-05
81 15 6.1728395061728554e-07
14 16 7.4074074074074049e-06
15 16 0.00019259259259259257
16 16 0.00048888888888888897
17 16 0.00019259259259259262
18 16 7.4074074074074185e-06
46 16 4.3209876543209883e-06
47 16 0.00011234567901234574
48 16 0.00028518518518518536
49 16 0.00011234567901234574
50 16 4.3209876543209934e-06
78 16 6.1728395061728396e-07
79 16 1.6049382716049392e-05
80 16 4.0740740740740806e-05
81 16 1.6049382716049392e-05
82 16 6.1728395061728523e-07
15 17 7.4074074074074227e-06
16 17 0.00019259259259259262
17 17 0.00048888888888888886
18 17 0.00019259259259259246
19 17 7.4074074074073846e-06
47 17 4.3209876543209976e-06
48 17 0.00011234567901234574
49 17 0.0002851851851851853
50 17 0.00011234567901234561
51 17 4.3209876543209739e-06
79 17 6.1728395061728554e-07
80 17 1.6049382716049392e-05
81 17 4.0740740740740779e-05
82 17 1.6049382716049375e-05
83 17 6.1728395061728237e-07
16 18 7.4074074074074185e-06
17 18 0.00019259259259259246
18 18 0.00048888888888888821
19 18 0.00019259259259259267
20 18 7.4074074074074253e-06
48 18 4.3209876543209934e-06
49 18 0.00011234567901234561
50 18 0.00028518518518518492
51 18 0.00011234567901234576
52 18 4.3209876543209985e-06
80 18 6.1728395061728523e-07
81 18 1.6049382716049378e-05
82 18 4.0740740740740731e-05
83 18 1.6049382716049399e-05
84 18 6.1728395061728597e-07
17 19 7.4074074074073846e-06
18 19 0.00019259259259259267
19 19 0.00048888888888888951
20 19 0.00019259259259259216
21 19 7.4074074074074185e-06
49 19 4.3209876543209739e-06
50 19 0.00011234567901234576
51 19 0.00028518518518518563
52 19 0.00011234567901234548
53 19 4.3209876543209943e-06
81 19 6.1728395061728237e-07
82 19 1.6049382716049399e-05
83 19 4.0740740740740806e-05
84 19 1.6049382716049361e-05
85 19 6.1728395061728544e-07
18 20 7.4074074074074253e-06
19 20 0.00019259259259259216
20 20 0.00048888888888888853
21 20 0.00019259259259259273
22 20 7.4074074074074253e-06
50 20 4.3209876543209985e-06
51 20 0.00011234567901234548
52 20 0.00028518518518518509
53 20 0.00011234567901234582
54 20 4.3209876543209985e-06
82 20 6.1728395061728597e-07
83 20 1.6049382716049361e-05
84 20 4.0740740740740759e-05
85 20 1.6049382716049405e-05
86 20 6.1728395061728597e-07
19 21 7.4074074074074185e-06
20 21 0.00019259259259259273
21 21 0.00048888888888888886
22 21 0.00019259259259259216
23 21 7.4074074074074185e-06
51 21 4.3209876543209943e-06
52 21 0.00011234567901234582
53 21 0.0002851851851851853
54 21 0.00011234567901234545
55 21 4.3209876543209934e-06
83 21 6.1728395061728544e-07
84 21 1.6049382716049409e-05
85 21 4.0740740740740765e-05
86 21 1.6049382716049354e-05
87 21 6.1728395061728523e-07
20 22 7.4074074074074253e-06
21 22 0.00019259259259259216
22 22 0.00048888888888888842
23 22 0.00019259259259259273
24 22 7.4074074074073719e-06
52 22 4.3209876543209985e-06
53 22 0.00011234567901234545
54 22 0.00028518518518518509
55 22 0.00011234567901234576
56 22 4.320987654320968e-06
84 22 6.1728395061728597e-07
85 22 1.6049382716049354e-05
86 22 4.0740740740740759e-05
87 22 1.6049382716049395e-05
88 22 6.172839506172812e-07
21 23 7.4074074074074185e-06
22 23 0.00019259259259259273
23 23 0.00048888888888888853
24 23 0.00019259259259259276
25 23 7.4074074074075235e-06
53 23 4.3209876543209934e-06
54 23 0.00011234567901234576
55 23 0.00028518518518518514
56 23 0.0001123456790123458
57 23 4.3209876543210569e-06
85 23 6.1728395061728523e-07
86 23 1.6049382716049395e-05
87 23 4.0740740740740759e-05
88 23 1.6049382716049405e-05
89 23 6.1728395061729412e-07
22 24 7.4074074074073719e-06
23 24 0.00019259259259259276
24 24 0.00048888888888889103
25 24 0.00019259259259259281
26 24 7.4074074074073719e-06
54 24 4.320987654320968e-06
55 24 0.0001123456790123458
56 24 0.0002851851851851865
57 24 0.00011234567901234582
58 24 4.3209876543209672e-06
86 24 6.172839506172812e-07
87 24 1.6049382716049405e-05
88 24 4.0740740740740941e-05
89 24 1.6049382716049409e-05
90 24 6.1728395061728142e-07
23 25 7.4074074074075235e-06
24 25 0.00019259259259259278
25 25 0.00048888888888888832
26 25 0.00019259259259259262
27 25 7.4074074074074253e-06
55 25 4.3209876543210569e-06
56 25 0.00011234567901234582
57 25 0.00028518518518518498
58 25 0.00011234567901234575
59 25 4.3209876543209985e-06
87 25 6.1728395061729412e-07
88 25 1.6049382716049409e-05
89 25 4.0740740740740745e-05
90 25 1.6049382716049399e-05
91 25 6.1728395061728597e-07
24 26 7.4074074074073711e-06
25 26 0.00019259259259259262
26 26 0.00048888888888888886
27 26 0.00019259259259259216
28 26 7.4074074074074185e-06
56 26 4.3209876543209672e-06
57 26 0.00011234567901234576
58 26 0.0002851851851851853
59 26 0.00011234567901234545
60 26 4.3209876543209934e-06
88 26 6.1728395061728142e-07
89 26 1.6049382716049399e-05
90 26 4.0740740740740765e-05
91 26 1.6049382716049354e-05
92 26 6.1728395061728523e-07
25 27 7.4074074074074253e-06
26 27 0.00019259259259259216
27 27 0.00048888888888888842
28 27 0.00019259259259259284
29 27 7.4074074074074185e-06
57 27 4.3209876543209985e-06
58 27 0.00011234567901234545
59 27 0.00028518518518518509
60 27 0.00011234567901234583
61 27 4.3209876543209934e-06
89 27 6.1728395061728597e-07
90 27 1.6049382716049354e-05
91 27 4.0740740740740759e-05
92 27 1.6049382716049405e-05
93 27 6.1728395061728523e-07
26 28 7.4074074074074185e-06
27 28 0.00019259259259259284
28 28 0.00048888888888888907
29 28 0.00019259259259259235
30 28 7.4074074074073567e-06
58 28 4.3209876543209934e-06
59 28 0.00011234567901234583
60 28 0.00028518518518518541
61 28 0.00011234567901234556
62 28 4.3209876543209595e-06
90 28 6.1728395061728523e-07
91 28 1.6049382716049405e-05
92 28 4.0740740740740792e-05
93 28 1.6049382716049368e-05
94 28 6.1728395061728015e-07
27 29 7.4074074074074185e-06
28 29 0.00019259259259259235
29 29 0.00048888888888888842
30 29 0.00019259259259259284
31 29 7.4074074074073838e-06
59 29 4.3209876543209934e-06
60 29 0.00011234567901234556
61 29 0.00028518518518518498
62 29 0.00011234567901234584
63 29 4.3209876543209748e-06
91 29 6.1728395061728523e-07
92 29 1.6049382716049371e-05
93 29 4.0740740740740725e-05
94 29 1.6049382716049412e-05
95 29 6.1728395061728247e-07
28 30 7.4074074074073567e-06
29 30 0.00019259259259259284
30 30 0.00048888888888888832
31 30 0.00018518518518518488
32 30 1.4814814814814851e-05
60 30 4.3209876543209595e-06
61 30 0.00011234567901234584
62 30 0.00028518518518518498
63 30 0.00010802469135802458
64 30 8.641975308641997e-06
92 30 6.1728395061728015e-07
93 30 1.6049382716049412e-05
94 30 4.0740740740740718e-05
95 30 1.5432098765432082e-05
96 30 1.2345679012345719e-06
29 31 7.4074074074073838e-06
30 31 0.00018518518518518488
31 31 0.00029629629629629608
32 31 0.00010370370370370439
61 31 4.3209876543209748e-06
62 31 0.00010802469135802458
63 31 0.00017283950617283947
64 31 6.0493827160494252e-05
93 31 6.1728395061728247e-07
94 31 1.5432098765432082e-05
95 31 2.4691358024691346e-05
96 31 8.6419753086420393e-06
30 32 1.4814814814814851e-05
31 32 0.00010370370370370439
32 32 0.00017777777777777665
62 32 8.641975308641997e-06
63 32 6.0493827160494252e-05
64 32 0.00010370370370370306
94 32 1.2345679012345719e-06
95 32 8.6419753086420393e-06
96 32 1.481481481481473e-05
1 33 0.00010370370370370365
2 33 6.0493827160493818e-05
3 33 8.6419753086419784e-06
33 33 0.00029629629629629608
34 33 0.00017283950617283955
35 33 2.469135802469136e-05
65 33 0.00018518518518518512
66 33 0.0001080246913580247
67 33 1.5432098765432103e-05
97 33 7.4074074074074058e-06
98 33 4.3209876543209875e-06
99 33 6.1728395061728438e-07
1 34 6.0493827160493818e-05
2 34 0.00017283950617283953
3 34 0.00010802469135802471
4 34 4.3209876543209883e-06
33 34 0.00017283950617283955
34 34 0.00049382716049382696
35 34 0.00030864197530864202
36 34 1.2345679012345678e-05
65 34 0.0001080246913580247
66 34 0.00030864197530864197
67 34 0.0001929012345679012
68 34 7.7160493827160513e-06
97 34 4.3209876543209875e-06
98 34 1.234567901234568e-05
99 34 7.7160493827160479e-06
100 34 3.0864197530864219e-07
1 35 8.6419753086419784e-06
2 35 0.00010802469135802471
3 35 0.00028518518518518536
4 35 0.00011234567901234568
5 35 4.3209876543209866e-06
33 35 2.469135802469136e-05
34 35 0.00030864197530864202
35 35 0.00081481481481481466
36 35 0.00032098765432098754
37 35 1.2345679012345675e-05
65 35 1.5432098765432103e-05
66 35 0.0001929012345679012
67 35 0.00050925925925925911
68 35 0.00020061728395061724
69 35 7.7160493827160496e-06
97 35 6.1728395061728438e-07
98 35 7.7160493827160496e-06
99 35 2.0370370370370376e-05
100 35 8.0246913580246925e-06
101 35 3.0864197530864214e-07
2 36 4.3209876543209883e-06
3 36 0.00011234567901234567
4 36 0.00028518518518518525
5 36 0.00011234567901234571
6 36 4.3209876543209849e-06
34 36 1.2345679012345678e-05
35 36 0.00032098765432098754
36 36 0.00081481481481481444
37 36 0.00032098765432098765
38 36 1.2345679012345666e-05
66 36 7.7160493827160513e-06
67 36 0.00020061728395061724
68 36 0.00050925925925925921
69 36 0.00020061728395061733
70 36 7.7160493827160462e-06
98 36 3.0864197530864219e-07
99 36 8.0246913580246925e-06
100 36 2.0370370370370372e-05
101 36 8.0246913580246959e-06
102 36 3.0864197530864198e-07
3 37 4.3209876543209866e-06
4 37 0.00011234567901234571
5 37 0.0002851851851851853
6 37 0.00011234567901234567
7 37 4.3209876543209841e-06
35 37 1.2345679012345675e-05
36 37 0.00032098765432098765
37 37 0.00081481481481481455
38 37 0.00032098765432098754
39 37 1.2345679012345666e-05
67 37 7.7160493827160496e-06
68 37 0.00020061728395061733
69 37 0.00050925925925925921
70 37 0.00020061728395061722
71 37 7.7160493827160445e-06
99 37 3.0864197530864214e-07
100 37 8.0246913580246959e-06
101 37 2.0370370370370376e-05
102 37 8.0246913580246925e-06
103 37 3.0864197530864198e-07
4 38 4.3209876543209849e-06
5 38 0.00011234567901234567
6 38 0.0002851851851851853
7 38 0.00011234567901234569
8 38 4.32098765432099e-06
36 38 1.2345679012345666e-05
37 38 0.00032098765432098759
38 38 0.00081481481481481466
39 38 0.00032098765432098754
40 38 1.2345679012345683e-05
68 38 7.7160493827160462e-06
69 38 0.00020061728395061722
70 38 0.00050925925925925921
71 38 0.00020061728395061727
72 38 7.7160493827160563e-06
100 38 3.0864197530864198e-07
101 38 8.0246913580246925e-06
102 38 2.0370370370370386e-05
103 38 8.0246913580246959e-06
104 38 3.0864197530864224e-07
5 39 4.3209876543209841e-06
6 39 0.00011234567901234569
7 39 0.00028518518518518525
8 39 0.00011234567901234572
9 39 4.3209876543209909e-06
37 39 1.2345679012345666e-05
38 39 0.00032098765432098759
39 39 0.00081481481481481444
40 39 0.00032098765432098759
41 39 1.2345679012345682e-05
69 39 7.7160493827160445e-06
70 39 0.00020061728395061727
71 39 0.00050925925925925921
72 39 0.00020061728395061733
73 39 7.716049382716053e-06
101 39 3.0864197530864198e-07
102 39 8.0246913580246976e-06
103 39 2.0370370370370376e-05
104 39 8.0246913580246976e-06
105 39 3.086419753086423e-07
6 40 4.32098765432099e-06
7 40 0.00011234567901234572
8 40 0.00028518518518518541
9 40 0.00011234567901234568
10 40 4.3209876543209934e-06
38 40 1.2345679012345683e-05
39 40 0.00032098765432098759
40 40 0.0008148148148148152
41 40 0.00032098765432098765
42 40 1.2345679012345697e-05
70 40 7.7160493827160563e-06
71 40 0.00020061728395061733
72 40 0.00050925925925925954
73 40 0.00020061728395061719
74 40 7.7160493827160648e-06
102 40 3.0864197530864224e-07
103 40 8.0246913580246976e-06
104 40 2.0370370370370396e-05
105 40 8.0246913580246908e-06
106 40 3.0864197530864256e-07
7 41 4.3209876543209909e-06
8 41 0.00011234567901234569
9 41 0.00028518518518518536
10 41 0.00011234567901234572
11 41 4.3209876543209875e-06
39 41 1.2345679012345682e-05
40 41 0.00032098765432098765
41 41 0.00081481481481481498
42 41 0.00032098765432098786
43 41 1.2345679012345675e-05
71 41 7.716049382716053e-06
72 41 0.00020061728395061719
73 41 0.00050925925925925943
74 41 0.0002006172839506173
75 41 7.7160493827160496e-06
103 41 3.086419753086423e-07
104 41 8.0246913580246908e-06
105 41 2.0370370370370396e-05
106 41 8.0246913580246976e-06
107 41 3.0864197530864198e-07
8 42 4.3209876543209934e-06
9 42 0.00011234567901234572
10 42 0.00028518518518518536
11 42 0.00011234567901234569
12 42 4.3209876543209875e-06
40 42 1.2345679012345697e-05
41 42 0.00032098765432098786
42 42 0.0008148148148148152
43 42 0.00032098765432098775
44 42 1.2345679012345675e-05
72 42 7.7160493827160648e-06
73 42 0.0002006172839506173
74 42 0.00050925925925925943
75 42 0.00020061728395061722
76 42 7.7160493827160496e-06
104 42 3.0864197530864256e-07
105 42 8.0246913580246976e-06
106 42 2.0370370370370396e-05
107 42 8.0246913580246942e-06
108 42 3.0864197530864198e-07
9 43 4.3209876543209875e-06
10 43 0.00011234567901234569
11 43 0.0002851851851851853
12 43 0.00011234567901234565
13 43 4.3209876543209705e-06
41 43 1.2345679012345675e-05
42 43 0.00032098765432098775
43 43 0.00081481481481481498
44 43 0.00032098765432098765
45 43 1.2345679012345633e-05
73 43 7.7160493827160496e-06
74 43 0.00020061728395061722
75 43 0.00050925925925925921
76 43 0.00020061728395061716
77 43 7.7160493827160208e-06
105 43 3.0864197530864198e-07
106 43 8.0246913580246942e-06
107 43 2.0370370370370389e-05
108 43 8.0246913580246874e-06
109 43 3.0864197530864092e-07
10 44 4.3209876543209875e-06
11 44 0.00011234567901234565
12 44 0.00028518518518518509
13 44 0.00011234567901234582
14 44 4.3209876543210061e-06
42 44 1.2345679012345675e-05
43 44 0.00032098765432098765
44 44 0.00081481481481481433
45 44 0.00032098765432098803
46 44 1.2345679012345724e-05
74 44 7.7160493827160496e-06
75 44 0.00020061728395061716
76 44 0.000509259259259259
77 44 0.00020061728395061743
78 44 7.7160493827160801e-06
106 44 3.0864197530864198e-07
107 44 8.0246913580246874e-06
108 44 2.0370370370370372e-05
109 44 8.0246913580247027e-06
110 44 3.0864197530864335e-07
11 45 4.3209876543209697e-06
12 45 0.00011234567901234582
13 45 0.00028518518518518552
14 45 0.00011234567901234568
15 45 4.3209876543209951e-06
43 45 1.2345679012345633e-05
44 45 0.00032098765432098803
45 45 0.00081481481481481541
46 45 0.00032098765432098754
47 45 1.2345679012345694e-05
75 45 7.7160493827160208e-06
76 45 0.00020061728395061743
77 45 0.00050925925925925986
78 45 0.00020061728395061727
79 45 7.7160493827160597e-06
107 45 3.0864197530864092e-07
108 45 8.0246913580247027e-06
109 45 2.0370370370370396e-05
110 45 8.0246913580246942e-06
111 45 3.0864197530864245e-07
12 46 4.3209876543210061e-06
13 46 0.00011234567901234569
14 46 0.00028518518518518547
15 46 0.00011234567901234563
16 46 4.3209876543209883e-06
44 46 1.2345679012345722e-05
45 46 0.00032098765432098754
46 46 0.00081481481481481552
47 46 0.00032098765432098737
48 46 1.2345679012345675e-05
76 46 7.7160493827160801e-06
77 46 0.00020061728395061727
78 46 0.00050925925925925976
79 46 0.00020061728395061711
80 46 7.7160493827160462e-06
108 46 3.0864197530864335e-07
109 46 8.0246913580246942e-06
110 46 2.0370370370370403e-05
111 46 8.0246913580246857e-06
112 46 3.0864197530864203e-07
13 47 4.3209876543209951e-06
14 47 0.00011234567901234563
15 47 0.00028518518518518514
16 47 0.00011234567901234574
17 47 4.3209876543209976e-06
45 47 1.2345679012345694e-05
46 47 0.00032098765432098737
47 47 0.00081481481481481455
48 47 0.00032098765432098775
49 47 1.2345679012345702e-05
77 47 7.716049382716058e-06
78 47 0.00020061728395061711
79 47 0.00050925925925925911
80 47 0.00020061728395061727
81 47 7.7160493827160665e-06
109 47 3.0864197530864245e-07
110 47 8.0246913580246857e-06
111 47 2.0370370370370383e-05
112 47 8.0246913580246959e-06
113 47 3.0864197530864272e-07
14 48 4.3209876543209883e-06
15 48 0.00011234567901234574
16 48 0.00028518518518518541
17 48 0.00011234567901234574
18 48 4.3209876543209934e-06
46 48 1.2345679012345675e-05
47 48 0.00032098765432098775
48 48 0.00081481481481481531
49 48 0.0003209876543209877
50 48 1.2345679012345697e-05
78 48 7.7160493827160462e-06
79 48 0.00020061728395061727
80 48 0.00050925925925925954
81 48 0.00020061728395061733
82 48 7.7160493827160648e-06
110 48 3.0864197530864203e-07
111 48 8.0246913580246959e-06
112 48 2.0370370370370403e-05
113 48 8.0246913580246959e-06
114 48 3.0864197530864256e-07
15 49 4.3209876543209976e-06
16 49 0.00011234567901234574
17 49 0.0002851851851851853
18 49 0.00011234567901234561
19 49 4.3209876543209739e-06
47 49 1.2345679012345702e-05
48 49 0.0003209876543209877
49 49 0.00081481481481481509
50 49 0.00032098765432098737
51 49 1.2345679012345641e-05
79 49 7.7160493827160665e-06
80 49 0.00020061728395061733
81 49 0.00050925925925925943
82 49 0.00020061728395061714
83 49 7.7160493827160292e-06
111 49 3.0864197530864272e-07
112 49 8.0246913580246959e-06
113 49 2.0370370370370389e-05
114 49 8.0246913580246874e-06
115 49 3.0864197530864118e-07
16 50 4.3209876543209934e-06
17 50 0.00011234567901234561
18 50 0.00028518518518518498
19 50 0.00011234567901234578
20 50 4.3209876543209985e-06
48 50 1.2345679012345697e-05
49 50 0.00032098765432098737
50 50 0.00081481481481481368
51 50 0.00032098765432098781
52 50 1.2345679012345707e-05
80 50 7.7160493827160648e-06
81 50 0.00020061728395061714
82 50 0.00050925925925925867
83 50 0.00020061728395061735
84 50 7.7160493827160699e-06
112 50 3.0864197530864256e-07
113 50 8.0246913580246874e-06
114 50 2.0370370370370366e-05
115 50 8.0246913580246993e-06
116 50 3.0864197530864293e-07
17 51 4.3209876543209739e-06
18 51 0.00011234567901234578
19 51 0.00028518518518518563
20 51 0.00011234567901234546
21 51 4.3209876543209943e-06
49 51 1.2345679012345641e-05
50 51 0.00032098765432098781
51 51 0.00081481481481481585
52 51 0.00032098765432098694
53 51 1.2345679012345695e-05
81 51 7.7160493827160292e-06
82 51 0.00020061728395061733
83 51 0.00050925925925926008
84 51 0.00020061728395061684
85 51 7.7160493827160631e-06
113 51 3.0864197530864118e-07
114 51 8.0246913580246993e-06
115 51 2.0370370370370403e-05
116 51 8.0246913580246789e-06
117 51 3.0864197530864261e-07
18 52 4.3209876543209985e-06
19 52 0.00011234567901234548
20 52 0.00028518518518518509
21 52 0.00011234567901234583
22 52 4.3209876543209985e-06
50 52 1.2345679012345707e-05
51 52 0.00032098765432098694
52 52 0.00081481481481481422
53 52 0.00032098765432098792
54 52 1.2345679012345707e-05
82 52 7.7160493827160716e-06
83 52 0.00020061728395061684
84 52 0.000509259259259259
85 52 0.00020061728395061746
86 52 7.7160493827160699e-06
114 52 3.0864197530864293e-07
115 52 8.0246913580246789e-06
116 52 2.0370370370370376e-05
117 52 8.0246913580247027e-06
118 52 3.0864197530864293e-07
19 53 4.3209876543209943e-06
20 53 0.00011234567901234583
21 53 0.0002851851851851853
22 53 0.00011234567901234545
23 53 4.3209876543209934e-06
51 53 1.2345679012345695e-05
52 53 0.00032098765432098792
53 53 0.00081481481481481466
54 53 0.00032098765432098683
55 53 1.2345679012345697e-05
83 53 7.7160493827160631e-06
84 53 0.00020061728395061743
85 53 0.00050925925925925954
86 53 0.00020061728395061681
87 53 7.7160493827160648e-06
115 53 3.0864197530864261e-07
116 53 8.0246913580247027e-06
117 53 2.0370370370370383e-05
118 53 8.0246913580246756e-06
119 53 3.0864197530864256e-07
20 54 4.3209876543209985e-06
21 54 0.00011234567901234545
22 54 0.00028518518518518509
23 54 0.00011234567901234576
24 54 4.3209876543209663e-06
52 54 1.2345679012345707e-05
53 54 0.00032098765432098683
54 54 0.00081481481481481422
55 54 0.00032098765432098781
56 54 1.2345679012345622e-05
84 54 7.7160493827160716e-06
85 54 0.00020061728395061681
86 54 0.000509259259259259
87 54 0.00020061728395061738
88 54 7.716049382716014e-06
116 54 3.0864197530864293e-07
117 54 8.0246913580246756e-06
118 54 2.0370370370370376e-05
119 54 8.0246913580246976e-06
120 54 3.086419753086406e-07
21 55 4.3209876543209934e-06
22 55 0.00011234567901234578
23 55 0.00028518518518518514
24 55 0.00011234567901234579
25 55 4.3209876543210578e-06
53 55 1.2345679012345697e-05
54 55 0.00032098765432098781
55 55 0.00081481481481481466
56 55 0.00032098765432098813
57 55 1.2345679012345873e-05
85 55 7.7160493827160648e-06
86 55 0.00020061728395061738
87 55 0.000509259259259259
88 55 0.00020061728395061746
89 55 7.7160493827161698e-06
117 55 3.0864197530864256e-07
118 55 8.0246913580246976e-06
119 55 2.0370370370370379e-05
120 55 8.024691358024701e-06
121 55 3.0864197530864706e-07
22 56 4.3209876543209663e-06
23 56 0.0001123456790123458
24 56 0.00028518518518518655
25 56 0.00011234567901234582
26 56 4.3209876543209672e-06
54 56 1.2345679012345621e-05
55 56 0.00032098765432098813
56 56 0.00081481481481481867
57 56 0.00032098765432098808
58 56 1.2345679012345619e-05
86 56 7.716049382716014e-06
87 56 0.00020061728395061746
88 56 0.00050925925925926149
89 56 0.00020061728395061749
90 56 7.716049382716014e-06
118 56 3.086419753086406e-07
119 56 8.024691358024701e-06
120 56 2.0370370370370474e-05
121 56 8.0246913580247044e-06
122 56 3.0864197530864071e-07
23 57 4.3209876543210578e-06
24 57 0.00011234567901234582
25 57 0.00028518518518518498
26 57 0.00011234567901234576
27 57 4.3209876543209985e-06
55 57 1.2345679012345873e-05
56 57 0.00032098765432098808
57 57 0.0008148148148148139
58 57 0.0003209876543209877
59 57 1.2345679012345707e-05
87 57 7.7160493827161698e-06
88 57 0.00020061728395061746
89 57 0.00050925925925925889
90 57 0.00020061728395061733
91 57 7.7160493827160699e-06
119 57 3.0864197530864706e-07
120 57 8.0246913580247044e-06
121 57 2.0370370370370369e-05
122 57 8.0246913580246976e-06
123 57 3.0864197530864293e-07
24 58 4.3209876543209672e-06
25 58 0.00011234567901234576
26 58 0.0002851851851851853
27 58 0.00011234567901234545
28 58 4.3209876543209934e-06
56 58 1.2345679012345619e-05
57 58 0.0003209876543209877
58 58 0.00081481481481481466
59 58 0.00032098765432098683
60 58 1.2345679012345697e-05
88 58 7.716049382716014e-06
89 58 0.00020061728395061733
90 58 0.00050925925925925954
91 58 0.00020061728395061681
92 58 7.7160493827160648e-06
120 58 3.0864197530864071e-07
121 58 8.0246913580246976e-06
122 58 2.0370370370370383e-05
123 58 8.0246913580246756e-06
124 58 3.0864197530864256e-07
25 59 4.3209876543209985e-06
26 59 0.00011234567901234545
27 59 0.00028518518518518509
28 59 0.00011234567901234583
29 59 4.3209876543209934e-06
57 59 1.2345679012345707e-05
58 59 0.00032098765432098683
59 59 0.00081481481481481422
60 59 0.00032098765432098803
61 59 1.2345679012345697e-05
89 59 7.7160493827160716e-06
90 59 0.00020061728395061681
91 59 0.000509259259259259
92 59 0.00020061728395061749
93 59 7.7160493827160648e-06
121 59 3.0864197530864293e-07
122 59 8.0246913580246756e-06
123 59 2.0370370370370376e-05
124 59 8.0246913580247027e-06
125 59 3.0864197530864256e-07
26 60 4.3209876543209934e-06
27 60 0.00011234567901234583
28 60 0.00028518518518518541
29 60 0.00011234567901234556
30 60 4.3209876543209595e-06
58 60 1.2345679012345697e-05
59 60 0.00032098765432098803
60 60 0.00081481481481481552
61 60 0.00032098765432098716
62 60 1.2345679012345597e-05
90 60 7.7160493827160648e-06
91 60 0.00020061728395061749
92 60 0.00050925925925925965
93 60 0.00020061728395061703
94 60 7.7160493827159987e-06
122 60 3.0864197530864256e-07
123 60 8.0246913580247027e-06
124 60 2.0370370370370396e-05
125 60 8.024691358024684e-06
126 60 3.0864197530864007e-07
27 61 4.3209876543209934e-06
28 61 0.00011234567901234556
29 61 0.00028518518518518503
30 61 0.00011234567901234584
31 61 4.3209876543209748e-06
59 61 1.2345679012345697e-05
60 61 0.00032098765432098716
61 61 0.00081481481481481379
62 61 0.00032098765432098803
63 61 1.2345679012345641e-05
91 61 7.7160493827160648e-06
92 61 0.00020061728395061703
93 61 0.00050925925925925878
94 61 0.00020061728395061749
95 61 7.7160493827160258e-06
123 61 3.0864197530864256e-07
124 61 8.024691358024684e-06
125 61 2.0370370370370362e-05
126 61 8.0246913580247044e-06
127 61 3.0864197530864113e-07
28 62 4.3209876543209595e-06
29 62 0.00011234567901234584
30 62 0.00028518518518518498
31 62 0.00010802469135802458
32 62 8.641975308641997e-06
60 62 1.2345679012345597e-05
61 62 0.00032098765432098803
62 62 0.00081481481481481379
63 62 0.0003086419753086417
64 62 2.4691358024691414e-05
92 62 7.7160493827159987e-06
93 62 0.00020061728395061749
94 62 0.00050925925925925867
95 62 0.00019290123456790106
96 62 1.543209876543214e-05
124 62 3.0864197530864002e-07
125 62 8.0246913580247044e-06
126 62 2.0370370370370359e-05
127 62 7.7160493827160411e-06
128 62 6.1728395061728586e-07
29 63 4.3209876543209748e-06
30 63 0.00010802469135802458
31 63 0.00017283950617283947
32 63 6.0493827160494252e-05
61 63 1.2345679012345641e-05
62 63 0.0003086419753086417
63 63 0.00049382716049382663
64 63 0.00017283950617284069
93 63 7.7160493827160258e-06
94 63 0.00019290123456790106
95 63 0.00030864197530864181
96 63 0.00010802469135802542
125 63 3.0864197530864113e-07
126 63 7.7160493827160411e-06
127 63 1.2345679012345673e-05
128 63 4.3209876543210197e-06
30 64 8.641975308641997e-06
31 64 6.0493827160494252e-05
32 64 0.00010370370370370309
62 64 2.4691358024691414e-05
63 64 0.00017283950617284069
64 64 0.00029629629629629445
94 64 1.5432098765432143e-05
95 64 0.00010802469135802542
96 64 0.00018518518518518406
126 64 6.1728395061728586e-07
127 64 4.3209876543210197e-06
128 64 7.4074074074073626e-06
1 65 1.4814814814814812e-05
2 65 8.641975308641975e-06
3 65 1.234567901234569e-06
33 65 0.00018518518518518512
34 65 0.0001080246913580247
35 65 1.5432098765432103e-05
65 65 0.00048888888888888875
66 65 0.00028518518518518541
67 65 4.0740740740740765e-05
97 65 0.00019259259259259257
98 65 0.00011234567901234567
99 65 1.6049382716049388e-05
129 65 7.4074074074074032e-06
130 65 4.3209876543209849e-06
131 65 6.1728395061728427e-07
1 66 8.641975308641975e-06
2 66 2.469135802469136e-05
3 66 1.5432098765432099e-05
4 66 6.1728395061728438e-07
33 66 0.0001080246913580247
34 66 0.00030864197530864197
35 66 0.0001929012345679012
36 66 7.7160493827160513e-06
65 66 0.00028518518518518541
66 66 0.00081481481481481455
67 66 0.00050925925925925921
68 66 2.0370370370370376e-05
97 66 0.00011234567901234567
98 66 0.00032098765432098765
99 66 0.00020061728395061711
100 66 8.0246913580246925e-06
129 66 4.3209876543209849e-06
130 66 1.2345679012345677e-05
131 66 7.7160493827160445e-06
132 66 3.0864197530864214e-07
1 67 1.234567901234569e-06
2 67 1.5432098765432099e-05
3 67 4.0740740740740765e-05
4 67 1.6049382716049388e-05
5 67 6.1728395061728427e-07
33 67 1.5432098765432103e-05
34 67 0.0001929012345679012
35 67 0.00050925925925925911
36 67 0.00020061728395061724
37 67 7.7160493827160479e-06
65 67 4.0740740740740765e-05
66 67 0.00050925925925925921
67 67 0.001344444444444445
68 67 0.00052962962962962968
69 67 2.0370370370370372e-05
97 67 1.6049382716049388e-05
98 67 0.00020061728395061711
99 67 0.00052962962962962968
100 67 0.00020864197530864179
101 67 8.0246913580246891e-06
129 67 6.1728395061728427e-07
130 67 7.7160493827160462e-06
131 67 2.0370370370370376e-05
132 67 8.0246913580246874e-06
133 67 3.0864197530864203e-07
2 68 6.1728395061728438e-07
3 68 1.6049382716049388e-05
4 68 4.0740740740740745e-05
5 68 1.6049382716049392e-05
6 68 6.1728395061728396e-07
34 68 7.7160493827160513e-06
35 68 0.00020061728395061724
36 68 0.00050925925925925921
37 68 0.00020061728395061733
38 68 7.7160493827160462e-06
66 68 2.0370370370370376e-05
67 68 0.00052962962962962979
68 68 0.0013444444444444445
69 68 0.00052962962962962979
70 68 2.0370370370370366e-05
98 68 8.0246913580246908e-06
99 68 0.00020864197530864182
100 68 0.00052962962962962957
101 68 0.00020864197530864187
102 68 8.024691358024684e-06
130 68 3.0864197530864214e-07
131 68 8.0246913580246874e-06
132 68 2.0370370370370369e-05
133 68 8.0246913580246908e-06
134 68 3.0864197530864193e-07
3 69 6.1728395061728427e-07
4 69 1.6049382716049392e-05
5 69 4.0740740740740752e-05
6 69 1.6049382716049385e-05
7 69 6.1728395061728396e-07
35 69 7.7160493827160479e-06
36 69 0.00020061728395061733
37 69 0.00050925925925925921
38 69 0.00020061728395061722
39 69 7.7160493827160445e-06
67 69 2.0370370370370372e-05
68 69 0.00052962962962962979
69 69 0.001344444444444445
70 69 0.00052962962962962957
71 69 2.0370370370370362e-05
99 69 8.0246913580246891e-06
100 69 0.00020864197530864187
101 69 0.00052962962962962957
102 69 0.00020864197530864179
103 69 8.024691358024684e-06
131 69 3.0864197530864203e-07
132 69 8.0246913580246908e-06
133 69 2.0370370370370372e-05
134 69 8.0246913580246874e-06
135 69 3.0864197530864187e-07
4 70 6.1728395061728396e-07
5 70 1.6049382716049385e-05
6 70 4.0740740740740779e-05
7 70 1.6049382716049395e-05
8 70 6.172839506172847e-07
36 70 7.7160493827160462e-06
37 70 0.00020061728395061722
38 70 0.00050925925925925921
39 70 0.00020061728395061727
40 70 7.7160493827160546e-06
68 70 2.0370370370370366e-05
69 70 0.00052962962962962957
70 70 0.0013444444444444452
71 70 0.00052962962962962989
72 70 2.0370370370370389e-05
100 70 8.024691358024684e-06
101 70 0.00020864197530864179
102 70 0.00052962962962962979
103 70 0.00020864197530864182
104 70 8.0246913580246959e-06
132 70 3.0864197530864193e-07
133 70 8.0246913580246874e-06
134 70 2.0370370370370386e-05
135 70 8.0246913580246874e-06
136 70 3.086419753086423e-07
5 71 6.1728395061728396e-07
6 71 1.6049382716049395e-05
7 71 4.0740740740740752e-05
8 71 1.6049382716049395e-05
9 71 6.1728395061728459e-07
37 71 7.7160493827160445e-06
38 71 0.00020061728395061727
39 71 0.00050925925925925921
40 71 0.00020061728395061733
41 71 7.716049382716053e-06
69 71 2.0370370370370362e-05
70 71 0.00052962962962962989
71 71 0.0013444444444444448
72 71 0.00052962962962963
73 71 2.0370370370370393e-05
101 71 8.024691358024684e-06
102 71 0.00020864197530864182
103 71 0.00052962962962962957
104 71 0.00020864197530864184
105 71 8.0246913580246908e-06
133 71 3.0864197530864187e-07
134 71 8.0246913580246891e-06
135 71 2.0370370370370372e-05
136 71 8.0246913580246942e-06
137 71 3.0864197530864214e-07
6 72 6.172839506172847e-07
7 72 1.6049382716049399e-05
8 72 4.0740740740740792e-05
9 72 1.6049382716049385e-05
10 72 6.1728395061728523e-07
38 72 7.7160493827160563e-06
39 72 0.00020061728395061733
40 72 0.00050925925925925954
41 72 0.00020061728395061719
42 72 7.7160493827160648e-06
70 72 2.0370370370370389e-05
71 72 0.00052962962962962989
72 72 0.0013444444444444456
73 72 0.00052962962962962957
74 72 2.037037037037042e-05
102 72 8.0246913580246959e-06
103 72 0.00020864197530864184
104 72 0.00052962962962963
105 72 0.00020864197530864173
106 72 8.0246913580247027e-06
134 72 3.086419753086423e-07
135 72 8.0246913580246942e-06
136 72 2.0370370370370389e-05
137 72 8.0246913580246891e-06
138 72 3.0864197530864251e-07
7 73 6.1728395061728459e-07
8 73 1.6049382716049385e-05
9 73 4.0740740740740799e-05
10 73 1.6049382716049399e-05
11 73 6.1728395061728417e-07
39 73 7.716049382716053e-06
40 73 0.00020061728395061719
41 73 0.00050925925925925943
42 73 0.0002006172839506173
43 73 7.7160493827160496e-06
71 73 2.0370370370370393e-05
72 73 0.00052962962962962957
73 73 0.0013444444444444452
74 73 0.00052962962962962989
75 73 2.0370370370370379e-05
103 73 8.0246913580246908e-06
104 73 0.00020864197530864171
105 73 0.00052962962962962989
106 73 0.00020864197530864184
107 73 8.0246913580246891e-06
135 73 3.0864197530864214e-07
136 73 8.0246913580246874e-06
137 73 2.0370370370370376e-05
138 73 8.0246913580246925e-06
139 73 3.0864197530864193e-07
8 74 6.1728395061728523e-07
9 74 1.6049382716049399e-05
10 74 4.0740740740740792e-05
11 74 1.6049382716049392e-05
12 74 6.1728395061728417e-07
40 74 7.7160493827160648e-06
41 74 0.0002006172839506173
42 74 0.00050925925925925943
43 74 0.00020061728395061719
44 74 7.7160493827160496e-06
72 74 2.0370370370370423e-05
73 74 0.00052962962962962989
74 74 0.001344444444444445
75 74 0.00052962962962962957
76 74 2.0370370370370379e-05
104 74 8.0246913580247027e-06
105 74 0.00020864197530864184
106 74 0.00052962962962962979
107 74 0.00020864197530864176
108 74 8.0246913580246891e-06
136 74 3.0864197530864251e-07
137 74 8.0246913580246942e-06
138 74 2.0370370370370379e-05
139 74 8.0246913580246891e-06
140 74 3.0864197530864193e-07
9 75 6.1728395061728417e-07
10 75 1.6049382716049392e-05
11 75 4.0740740740740779e-05
12 75 1.6049382716049378e-05
13 75 6.1728395061728173e-07
41 75 7.7160493827160496e-06
42 75 0.00020061728395061719
43 75 0.00050925925925925921
44 75 0.00020061728395061714
45 75 7.7160493827160208e-06
73 75 2.0370370370370379e-05
74 75 0.00052962962962962957
75 75 0.0013444444444444445
76 75 0.00052962962962962957
77 75 2.0370370370370298e-05
105 75 8.0246913580246891e-06
106 75 0.00020864197530864176
107 75 0.00052962962962962957
108 75 0.00020864197530864176
109 75 8.0246913580246569e-06
137 75 3.0864197530864193e-07
138 75 8.0246913580246908e-06
139 75 2.0370370370370372e-05
140 75 8.0246913580246857e-06
141 75 3.0864197530864081e-07
10 76 6.1728395061728417e-07
11 76 1.6049382716049378e-05
12 76 4.0740740740740745e-05
13 76 1.6049382716049409e-05
14 76 6.1728395061728671e-07
42 76 7.7160493827160496e-06
43 76 0.00020061728395061714
44 76 0.000509259259259259
45 76 0.00020061728395061743
46 76 7.7160493827160801e-06
74 76 2.0370370370370379e-05
75 76 0.00052962962962962946
76 76 0.0013444444444444437
77 76 0.00052962962962963044
78 76 2.0370370370370471e-05
106 76 8.0246913580246891e-06
107 76 0.00020864197530864176
108 76 0.00052962962962962924
109 76 0.00020864197530864198
110 76 8.0246913580247213e-06
138 76 3.0864197530864193e-07
139 76 8.0246913580246857e-06
140 76 2.0370370370370366e-05
141 76 8.0246913580247027e-06
142 76 3.0864197530864325e-07
11 77 6.1728395061728173e-07
12 77 1.6049382716049409e-05
13 77 4.0740740740740792e-05
14 77 1.6049382716049392e-05
15 77 6.1728395061728491e-07
43 77 7.7160493827160208e-06
44 77 0.00020061728395061743
45 77 0.00050925925925925986
46 77 0.00020061728395061727
47 77 7.716049382716058e-06
75 77 2.0370370370370298e-05
76 77 0.00052962962962963044
77 77 0.0013444444444444459
78 77 0.00052962962962962979
79 77 2.0370370370370406e-05
