# Created by Octave 5.2.0, Tue Oct 26 12:51:23 2021 CEST <omen@omen-linux>
# name: riga_3
# type: sparse matrix
# nnz: 361
# rows: 25
# columns: 25
1 1 0.01777777777777776
2 1 0.010370370370370367
3 1 0.0014814814814814812
6 1 0.010370370370370367
7 1 0.006049382716049382
8 1 0.0008641975308641978
11 1 0.0014814814814814812
12 1 0.00086419753086419747
13 1 0.00012345679012345679
1 2 0.010370370370370367
2 2 0.029629629629629624
3 2 0.018518518518518511
4 2 0.00074074074074074049
6 2 0.0060493827160493828
7 2 0.017283950617283949
8 2 0.010802469135802469
9 2 0.00043209876543209879
11 2 0.00086419753086419747
12 2 0.0024691358024691353
13 2 0.0015432098765432094
14 2 6.1728395061728383e-05
1 3 0.0014814814814814812
2 3 0.018518518518518511
3 3 0.048888888888888836
4 3 0.018518518518518514
5 3 0.001481481481481481
6 3 0.0008641975308641978
7 3 0.010802469135802469
8 3 0.028518518518518509
9 3 0.010802469135802469
10 3 0.00086419753086419769
11 3 0.00012345679012345679
12 3 0.0015432098765432094
13 3 0.0040740740740740763
14 3 0.00154320987654321
15 3 0.00012345679012345677
2 4 0.00074074074074074049
3 4 0.018518518518518514
4 4 0.029629629629629606
5 4 0.010370370370370365
7 4 0.00043209876543209879
8 4 0.010802469135802469
9 4 0.017283950617283949
10 4 0.006049382716049382
12 4 6.1728395061728383e-05
13 4 0.00154320987654321
14 4 0.0024691358024691353
15 4 0.00086419753086419758
3 5 0.0014814814814814808
4 5 0.010370370370370365
5 5 0.017777777777777767
8 5 0.00086419753086419758
9 5 0.006049382716049382
10 5 0.010370370370370365
13 5 0.00012345679012345677
14 5 0.00086419753086419758
15 5 0.0014814814814814812
1 6 0.010370370370370367
2 6 0.006049382716049382
3 6 0.0008641975308641978
6 6 0.029629629629629617
7 6 0.017283950617283945
8 6 0.0024691358024691358
11 6 0.018518518518518511
12 6 0.01080246913580247
13 6 0.0015432098765432096
16 6 0.00074074074074074049
17 6 0.00043209876543209873
18 6 6.1728395061728383e-05
1 7 0.006049382716049382
2 7 0.017283950617283949
3 7 0.010802469135802469
4 7 0.00043209876543209879
6 7 0.017283950617283949
7 7 0.049382716049382762
8 7 0.030864197530864203
9 7 0.0012345679012345672
11 7 0.01080246913580247
12 7 0.030864197530864196
13 7 0.019290123456790126
14 7 0.00077160493827160457
16 7 0.00043209876543209873
17 7 0.0012345679012345677
18 7 0.00077160493827160468
19 7 3.0864197530864191e-05
1 8 0.00086419753086419769
2 8 0.010802469135802469
3 8 0.028518518518518506
4 8 0.010802469135802469
5 8 0.00086419753086419747
6 8 0.0024691358024691358
7 8 0.030864197530864199
8 8 0.08148148148148146
9 8 0.030864197530864185
10 8 0.0024691358024691345
11 8 0.0015432098765432096
12 8 0.019290123456790122
13 8 0.050925925925925916
14 8 0.019290123456790126
15 8 0.0015432098765432089
16 8 6.1728395061728383e-05
17 8 0.00077160493827160457
18 8 0.0020370370370370373
19 8 0.00077160493827160468
20 8 6.1728395061728369e-05
2 9 0.00043209876543209873
3 9 0.010802469135802467
4 9 0.017283950617283949
5 9 0.0060493827160493811
7 9 0.0012345679012345672
8 9 0.030864197530864182
9 9 0.049382716049382734
10 9 0.017283950617283945
12 9 0.00077160493827160457
13 9 0.019290123456790126
14 9 0.030864197530864185
15 9 0.010802469135802465
17 9 3.0864197530864191e-05
18 9 0.00077160493827160479
19 9 0.0012345679012345677
20 9 0.00043209876543209879
3 10 0.00086419753086419747
4 10 0.0060493827160493811
5 10 0.010370370370370368
8 10 0.0024691358024691345
9 10 0.017283950617283942
10 10 0.02962962962962962
13 10 0.0015432098765432091
14 10 0.010802469135802465
15 10 0.018518518518518517
18 10 6.1728395061728383e-05
19 10 0.00043209876543209879
20 10 0.00074074074074074049
1 11 0.0014814814814814812
2 11 0.00086419753086419747
3 11 0.00012345679012345679
6 11 0.018518518518518511
7 11 0.01080246913580247
8 11 0.0015432098765432096
11 11 0.048888888888888843
12 11 0.028518518518518502
13 11 0.0040740740740740754
16 11 0.018518518518518521
17 11 0.010802469135802467
18 11 0.00154320987654321
21 11 0.001481481481481481
22 11 0.00086419753086419736
23 11 0.00012345679012345677
1 12 0.00086419753086419758
2 12 0.0024691358024691362
3 12 0.0015432098765432094
4 12 6.1728395061728383e-05
6 12 0.01080246913580247
7 12 0.030864197530864196
8 12 0.019290123456790126
9 12 0.00077160493827160468
11 12 0.028518518518518502
12 12 0.081481481481481488
13 12 0.050925925925925909
14 12 0.0020370370370370369
16 12 0.010802469135802467
17 12 0.030864197530864196
18 12 0.019290123456790126
19 12 0.00077160493827160479
21 12 0.00086419753086419736
22 12 0.0024691358024691349
23 12 0.0015432098765432091
24 12 6.1728395061728383e-05
1 13 0.00012345679012345679
2 13 0.0015432098765432096
3 13 0.0040740740740740763
4 13 0.00154320987654321
5 13 0.00012345679012345677
6 13 0.0015432098765432096
7 13 0.019290123456790122
8 13 0.050925925925925916
9 13 0.019290123456790126
10 13 0.0015432098765432091
11 13 0.0040740740740740754
12 13 0.050925925925925909
13 13 0.13444444444444431
14 13 0.050925925925925909
15 13 0.0040740740740740746
16 13 0.00154320987654321
17 13 0.019290123456790126
18 13 0.050925925925925916
19 13 0.019290123456790119
20 13 0.0015432098765432096
21 13 0.00012345679012345677
22 13 0.0015432098765432091
23 13 0.0040740740740740746
24 13 0.0015432098765432094
25 13 0.00012345679012345674
2 14 6.1728395061728383e-05
3 14 0.00154320987654321
4 14 0.0024691358024691353
5 14 0.00086419753086419758
7 14 0.00077160493827160457
8 14 0.019290123456790126
9 14 0.030864197530864185
10 14 0.010802469135802465
12 14 0.0020370370370370369
13 14 0.050925925925925909
14 14 0.081481481481481433
15 14 0.028518518518518506
17 14 0.00077160493827160479
18 14 0.019290123456790119
19 14 0.030864197530864192
20 14 0.010802469135802467
22 14 6.1728395061728383e-05
23 14 0.0015432098765432094
24 14 0.0024691358024691349
25 14 0.00086419753086419714
3 15 0.00012345679012345677
4 15 0.00086419753086419758
5 15 0.0014814814814814814
8 15 0.0015432098765432091
9 15 0.010802469135802465
10 15 0.018518518518518517
13 15 0.0040740740740740746
14 15 0.028518518518518509
15 15 0.048888888888888836
18 15 0.0015432098765432096
19 15 0.010802469135802467
20 15 0.018518518518518517
23 15 0.00012345679012345674
24 15 0.00086419753086419714
25 15 0.001481481481481481
6 16 0.00074074074074074038
7 16 0.00043209876543209863
8 16 6.1728395061728383e-05
11 16 0.018518518518518521
12 16 0.010802469135802467
13 16 0.00154320987654321
16 16 0.02962962962962961
17 16 0.017283950617283949
18 16 0.0024691358024691353
21 16 0.010370370370370363
22 16 0.0060493827160493828
23 16 0.00086419753086419747
6 17 0.00043209876543209868
7 17 0.0012345679012345677
8 17 0.00077160493827160457
9 17 3.0864197530864191e-05
11 17 0.010802469135802467
12 17 0.030864197530864196
13 17 0.019290123456790126
14 17 0.00077160493827160479
16 17 0.017283950617283949
17 17 0.049382716049382734
18 17 0.030864197530864192
19 17 0.0012345679012345674
21 17 0.0060493827160493828
22 17 0.017283950617283949
23 17 0.010802469135802465
24 17 0.00043209876543209873
6 18 6.1728395061728383e-05
7 18 0.00077160493827160457
8 18 0.0020370370370370373
9 18 0.00077160493827160479
10 18 6.1728395061728369e-05
11 18 0.00154320987654321
12 18 0.019290123456790126
13 18 0.05092592592592593
14 18 0.019290123456790119
15 18 0.0015432098765432096
16 18 0.0024691358024691353
17 18 0.030864197530864192
18 18 0.081481481481481474
19 18 0.030864197530864185
20 18 0.0024691358024691349
21 18 0.00086419753086419747
22 18 0.010802469135802465
23 18 0.028518518518518506
24 18 0.010802469135802467
25 18 0.00086419753086419747
7 19 3.0864197530864191e-05
8 19 0.00077160493827160479
9 19 0.0012345679012345677
10 19 0.00043209876543209879
12 19 0.00077160493827160479
13 19 0.019290123456790119
14 19 0.030864197530864192
15 19 0.010802469135802467
17 19 0.0012345679012345674
18 19 0.030864197530864185
19 19 0.049382716049382713
20 19 0.017283950617283945
22 19 0.00043209876543209873
23 19 0.010802469135802467
24 19 0.017283950617283949
