# Created by Octave 5.2.0, Wed Nov 03 22:08:46 2021 CET <omen@omen-linux>
# name: ans
# type: sparse matrix
# nnz: 20736
# rows: 900
# columns: 900
1 1 0.00020408163265306118
2 1 0.00011904761904761903
3 1 1.7006802721088431e-05
31 1 0.00011904761904761905
32 1 6.9444444444444471e-05
33 1 9.9206349206349223e-06
61 1 1.7006802721088431e-05
62 1 9.9206349206349223e-06
63 1 1.4172335600907036e-06
1 2 0.00011904761904761903
2 2 0.0003401360544217689
3 2 0.00021258503401360541
4 2 8.503401360544214e-06
31 2 6.9444444444444471e-05
32 2 0.00019841269841269836
33 2 0.00012400793650793653
34 2 4.9603174603174595e-06
61 2 9.9206349206349223e-06
62 2 2.8344671201814074e-05
63 2 1.7715419501133794e-05
64 2 7.0861678004535159e-07
1 3 1.7006802721088431e-05
2 3 0.00021258503401360541
3 3 0.00056122448979591848
4 3 0.00022108843537414969
5 3 8.5034013605442174e-06
31 3 9.9206349206349223e-06
32 3 0.00012400793650793653
33 3 0.00032738095238095253
34 3 0.00012896825396825401
35 3 4.9603174603174612e-06
61 3 1.4172335600907036e-06
62 3 1.7715419501133794e-05
63 3 4.6768707482993214e-05
64 3 1.8424036281179147e-05
65 3 7.0861678004535191e-07
2 4 8.503401360544214e-06
3 4 0.00022108843537414969
4 4 0.00056122448979591837
5 4 0.00022108843537414956
6 4 8.5034013605442157e-06
32 4 4.9603174603174595e-06
33 4 0.00012896825396825401
34 4 0.00032738095238095248
35 4 0.00012896825396825395
36 4 4.9603174603174595e-06
62 4 7.0861678004535159e-07
63 4 1.8424036281179147e-05
64 4 4.6768707482993207e-05
65 4 1.8424036281179133e-05
66 4 7.0861678004535149e-07
3 5 8.5034013605442174e-06
4 5 0.00022108843537414956
5 5 0.00056122448979591837
6 5 0.00022108843537414977
7 5 8.5034013605442174e-06
33 5 4.9603174603174612e-06
34 5 0.00012896825396825395
35 5 0.00032738095238095258
36 5 0.00012896825396825404
37 5 4.9603174603174612e-06
63 5 7.0861678004535191e-07
64 5 1.8424036281179133e-05
65 5 4.6768707482993227e-05
66 5 1.8424036281179147e-05
67 5 7.086167800453517e-07
4 6 8.5034013605442157e-06
5 6 0.00022108843537414974
6 6 0.00056122448979591827
7 6 0.00022108843537414958
8 6 8.5034013605442056e-06
34 6 4.9603174603174595e-06
35 6 0.00012896825396825404
36 6 0.00032738095238095237
37 6 0.00012896825396825393
38 6 4.9603174603174544e-06
64 6 7.0861678004535149e-07
65 6 1.8424036281179147e-05
66 6 4.6768707482993214e-05
67 6 1.8424036281179143e-05
68 6 7.0861678004535085e-07
5 7 8.5034013605442174e-06
6 7 0.00022108843537414956
7 7 0.00056122448979591827
8 7 0.00022108843537414961
9 7 8.5034013605442208e-06
35 7 4.9603174603174612e-06
36 7 0.00012896825396825393
37 7 0.00032738095238095242
38 7 0.00012896825396825395
39 7 4.9603174603174629e-06
65 7 7.086167800453517e-07
66 7 1.8424036281179143e-05
67 7 4.6768707482993207e-05
68 7 1.842403628117913e-05
69 7 7.0861678004535202e-07
6 8 8.5034013605442073e-06
7 8 0.00022108843537414961
8 8 0.00056122448979591816
9 8 0.00022108843537414961
10 8 8.5034013605442208e-06
36 8 4.9603174603174544e-06
37 8 0.00012896825396825395
38 8 0.0003273809523809522
39 8 0.00012896825396825395
40 8 4.9603174603174637e-06
66 8 7.0861678004535085e-07
67 8 1.842403628117913e-05
68 8 4.6768707482993207e-05
69 8 1.8424036281179143e-05
70 8 7.0861678004535191e-07
7 9 8.5034013605442208e-06
8 9 0.00022108843537414961
9 9 0.00056122448979591881
10 9 0.0002210884353741495
11 9 8.503401360544231e-06
37 9 4.9603174603174629e-06
38 9 0.00012896825396825395
39 9 0.00032738095238095275
40 9 0.0001289682539682539
41 9 4.9603174603174688e-06
67 9 7.0861678004535202e-07
68 9 1.8424036281179143e-05
69 9 4.6768707482993254e-05
70 9 1.8424036281179119e-05
71 9 7.0861678004535276e-07
8 10 8.5034013605442208e-06
9 10 0.00022108843537414947
10 10 0.00056122448979591805
11 10 0.00022108843537414985
12 10 8.5034013605442242e-06
38 10 4.9603174603174637e-06
39 10 0.0001289682539682539
40 10 0.0003273809523809522
41 10 0.00012896825396825412
42 10 4.9603174603174645e-06
68 10 7.0861678004535191e-07
69 10 1.8424036281179119e-05
70 10 4.676870748299318e-05
71 10 1.8424036281179157e-05
72 10 7.0861678004535244e-07
9 11 8.503401360544231e-06
10 11 0.00022108843537414985
11 11 0.00056122448979591892
12 11 0.00022108843537414956
13 11 8.5034013605441971e-06
39 11 4.9603174603174688e-06
40 11 0.00012896825396825412
41 11 0.00032738095238095286
42 11 0.00012896825396825393
43 11 4.9603174603174485e-06
69 11 7.0861678004535276e-07
70 11 1.842403628117916e-05
71 11 4.6768707482993261e-05
72 11 1.8424036281179133e-05
73 11 7.0861678004534979e-07
10 12 8.5034013605442242e-06
11 12 0.00022108843537414956
12 12 0.00056122448979591783
13 12 0.00022108843537414956
14 12 8.5034013605442225e-06
40 12 4.9603174603174645e-06
41 12 0.00012896825396825393
42 12 0.00032738095238095204
43 12 0.0001289682539682539
44 12 4.9603174603174645e-06
70 12 7.0861678004535234e-07
71 12 1.8424036281179133e-05
72 12 4.6768707482993166e-05
73 12 1.8424036281179136e-05
74 12 7.0861678004535244e-07
11 13 8.5034013605441971e-06
12 13 0.00022108843537414956
13 13 0.0005612244897959187
14 13 0.0002210884353741498
15 13 8.5034013605442124e-06
41 13 4.9603174603174485e-06
42 13 0.0001289682539682539
43 13 0.00032738095238095275
44 13 0.00012896825396825406
45 13 4.9603174603174578e-06
71 13 7.0861678004534979e-07
72 13 1.8424036281179136e-05
73 13 4.6768707482993261e-05
74 13 1.8424036281179147e-05
75 13 7.0861678004535128e-07
12 14 8.5034013605442259e-06
13 14 0.0002210884353741498
14 14 0.00056122448979591783
15 14 0.00022108843537414961
16 14 8.5034013605442242e-06
42 14 4.9603174603174654e-06
43 14 0.00012896825396825406
44 14 0.00032738095238095204
45 14 0.00012896825396825398
46 14 4.9603174603174645e-06
72 14 7.0861678004535244e-07
73 14 1.8424036281179147e-05
74 14 4.6768707482993153e-05
75 14 1.8424036281179136e-05
76 14 7.0861678004535244e-07
13 15 8.5034013605442124e-06
14 15 0.00022108843537414961
15 15 0.00056122448979591881
16 15 0.00022108843537414964
17 15 8.5034013605442276e-06
43 15 4.9603174603174578e-06
44 15 0.00012896825396825398
45 15 0.00032738095238095269
46 15 0.00012896825396825395
47 15 4.9603174603174671e-06
73 15 7.0861678004535128e-07
74 15 1.842403628117914e-05
75 15 4.6768707482993248e-05
76 15 1.842403628117914e-05
77 15 7.0861678004535255e-07
14 16 8.5034013605442242e-06
15 16 0.00022108843537414964
16 16 0.00056122448979591805
17 16 0.00022108843537414918
18 16 8.5034013605442344e-06
44 16 4.9603174603174645e-06
45 16 0.00012896825396825398
46 16 0.0003273809523809522
47 16 0.00012896825396825366
48 16 4.9603174603174722e-06
74 16 7.0861678004535234e-07
75 16 1.8424036281179143e-05
76 16 4.6768707482993173e-05
77 16 1.8424036281179102e-05
78 16 7.086167800453535e-07
15 17 8.5034013605442276e-06
16 17 0.00022108843537414918
17 17 0.00056122448979591859
18 17 0.00022108843537414983
19 17 8.5034013605442225e-06
45 17 4.9603174603174671e-06
46 17 0.00012896825396825366
47 17 0.00032738095238095253
48 17 0.00012896825396825409
49 17 4.9603174603174645e-06
75 17 7.0861678004535255e-07
76 17 1.8424036281179102e-05
77 17 4.676870748299322e-05
78 17 1.8424036281179153e-05
79 17 7.0861678004535244e-07
16 18 8.5034013605442344e-06
17 18 0.00022108843537414983
18 18 0.00056122448979591924
19 18 0.00022108843537414972
20 18 8.5034013605442649e-06
46 18 4.9603174603174722e-06
47 18 0.00012896825396825409
48 18 0.00032738095238095296
49 18 0.00012896825396825398
50 18 4.9603174603174866e-06
76 18 7.086167800453535e-07
77 18 1.8424036281179153e-05
78 18 4.6768707482993261e-05
79 18 1.842403628117914e-05
80 18 7.086167800453553e-07
17 19 8.5034013605442225e-06
18 19 0.00022108843537414972
19 19 0.00056122448979591805
20 19 0.00022108843537414974
21 19 8.5034013605442157e-06
47 19 4.9603174603174645e-06
48 19 0.00012896825396825401
49 19 0.0003273809523809522
50 19 0.00012896825396825398
51 19 4.9603174603174595e-06
77 19 7.0861678004535244e-07
78 19 1.842403628117914e-05
79 19 4.6768707482993173e-05
80 19 1.8424036281179143e-05
81 19 7.0861678004535149e-07
18 20 8.5034013605442649e-06
19 20 0.00022108843537414974
20 20 0.00056122448979591913
21 20 0.00022108843537414988
22 20 8.5034013605442344e-06
48 20 4.9603174603174866e-06
49 20 0.00012896825396825398
50 20 0.00032738095238095286
51 20 0.00012896825396825406
52 20 4.9603174603174722e-06
78 20 7.086167800453553e-07
79 20 1.8424036281179143e-05
80 20 4.6768707482993268e-05
81 20 1.842403628117916e-05
82 20 7.086167800453535e-07
19 21 8.5034013605442157e-06
20 21 0.00022108843537414988
21 21 0.00056122448979591848
22 21 0.00022108843537414899
23 21 8.5034013605441988e-06
49 21 4.9603174603174595e-06
50 21 0.00012896825396825409
51 21 0.00032738095238095253
52 21 0.0001289682539682536
53 21 4.960317460317451e-06
79 21 7.0861678004535138e-07
80 21 1.842403628117916e-05
81 21 4.676870748299322e-05
82 21 1.8424036281179089e-05
83 21 7.0861678004535043e-07
20 22 8.5034013605442344e-06
21 22 0.00022108843537414899
22 22 0.00056122448979591772
23 22 0.00022108843537415007
24 22 8.5034013605442276e-06
50 22 4.9603174603174722e-06
51 22 0.0001289682539682536
52 22 0.00032738095238095204
53 22 0.0001289682539682542
54 22 4.9603174603174671e-06
80 22 7.086167800453535e-07
81 22 1.8424036281179089e-05
82 22 4.6768707482993153e-05
83 22 1.8424036281179174e-05
84 22 7.0861678004535255e-07
21 23 8.5034013605441988e-06
22 23 0.00022108843537415007
23 23 0.00056122448979591827
24 23 0.00022108843537414918
25 23 8.5034013605442344e-06
51 23 4.960317460317451e-06
52 23 0.00012896825396825423
53 23 0.00032738095238095231
54 23 0.00012896825396825366
55 23 4.9603174603174722e-06
81 23 7.0861678004535043e-07
82 23 1.8424036281179177e-05
83 23 4.6768707482993193e-05
84 23 1.8424036281179102e-05
85 23 7.086167800453535e-07
22 24 8.5034013605442276e-06
23 24 0.00022108843537414918
24 24 0.00056122448979591881
25 24 0.00022108843537414985
26 24 8.5034013605442157e-06
52 24 4.9603174603174671e-06
53 24 0.00012896825396825366
54 24 0.00032738095238095269
55 24 0.00012896825396825412
56 24 4.9603174603174603e-06
82 24 7.0861678004535255e-07
83 24 1.8424036281179102e-05
84 24 4.6768707482993248e-05
85 24 1.8424036281179157e-05
86 24 7.0861678004535181e-07
23 25 8.5034013605442344e-06
24 25 0.00022108843537414985
25 25 0.00056122448979591881
26 25 0.00022108843537414969
27 25 8.5034013605442716e-06
53 25 4.9603174603174722e-06
54 25 0.00012896825396825412
55 25 0.0003273809523809528
56 25 0.00012896825396825398
57 25 4.9603174603174917e-06
83 25 7.086167800453535e-07
84 25 1.8424036281179157e-05
85 25 4.6768707482993234e-05
86 25 1.842403628117914e-05
87 25 7.0861678004535625e-07
24 26 8.5034013605442157e-06
25 26 0.00022108843537414969
26 26 0.00056122448979591827
27 26 0.00022108843537414956
28 26 8.5034013605441785e-06
54 26 4.9603174603174603e-06
55 26 0.00012896825396825398
56 26 0.00032738095238095242
57 26 0.0001289682539682539
58 26 4.9603174603174374e-06
84 26 7.0861678004535181e-07
85 26 1.842403628117914e-05
86 26 4.67687074829932e-05
87 26 1.842403628117913e-05
88 26 7.0861678004534852e-07
25 27 8.5034013605442716e-06
26 27 0.00022108843537414958
27 27 0.00056122448979591827
28 27 0.00022108843537415015
29 27 8.5034013605442344e-06
55 27 4.9603174603174917e-06
56 27 0.00012896825396825393
57 27 0.00032738095238095237
58 27 0.00012896825396825423
59 27 4.9603174603174722e-06
85 27 7.0861678004535625e-07
86 27 1.842403628117913e-05
87 27 4.6768707482993193e-05
88 27 1.842403628117918e-05
89 27 7.086167800453535e-07
26 28 8.5034013605441785e-06
27 28 0.00022108843537415015
28 28 0.00056122448979591903
29 28 0.00021258503401360489
30 28 1.7006802721088469e-05
56 28 4.9603174603174374e-06
57 28 0.00012896825396825423
58 28 0.00032738095238095275
59 28 0.00012400793650793623
60 28 9.9206349206349443e-06
86 28 7.0861678004534842e-07
87 28 1.8424036281179184e-05
88 28 4.6768707482993248e-05
89 28 1.7715419501133747e-05
90 28 1.417233560090707e-06
27 29 8.5034013605442344e-06
28 29 0.00021258503401360489
29 29 0.0003401360544217682
30 29 0.00011904761904761975
57 29 4.9603174603174722e-06
58 29 0.00012400793650793623
59 29 0.00019841269841269809
60 29 6.9444444444444865e-05
87 29 7.086167800453535e-07
88 29 1.7715419501133747e-05
89 29 2.834467120181402e-05
90 29 9.9206349206349816e-06
28 30 1.7006802721088469e-05
29 30 0.00011904761904761975
30 30 0.00020408163265306004
58 30 9.9206349206349443e-06
59 30 6.9444444444444865e-05
60 30 0.0001190476190476184
88 30 1.417233560090707e-06
89 30 9.9206349206349816e-06
90 30 1.7006802721088343e-05
1 31 0.00011904761904761905
2 31 6.9444444444444471e-05
3 31 9.9206349206349223e-06
31 31 0.00034013605442176885
32 31 0.00019841269841269833
33 31 2.8344671201814071e-05
61 31 0.00021258503401360543
62 31 0.00012400793650793647
63 31 1.7715419501133791e-05
91 31 8.503401360544214e-06
92 31 4.9603174603174586e-06
93 31 7.0861678004535159e-07
1 32 6.9444444444444471e-05
2 32 0.00019841269841269836
3 32 0.00012400793650793653
4 32 4.9603174603174595e-06
31 32 0.00019841269841269836
32 32 0.00056689342403628109
33 32 0.00035430839002267573
34 32 1.4172335600907032e-05
61 32 0.00012400793650793647
62 32 0.00035430839002267568
63 32 0.0002214427437641724
64 32 8.857709750566892e-06
91 32 4.9603174603174586e-06
92 32 1.4172335600907034e-05
93 32 8.857709750566892e-06
94 32 3.5430839002267569e-07
1 33 9.9206349206349206e-06
2 33 0.00012400793650793653
3 33 0.00032738095238095253
4 33 0.00012896825396825401
5 33 4.9603174603174612e-06
31 33 2.8344671201814071e-05
32 33 0.00035430839002267568
33 33 0.00093537414965986381
34 33 0.000368480725623583
35 33 1.4172335600907035e-05
61 33 1.7715419501133791e-05
62 33 0.0002214427437641724
63 33 0.00058460884353741486
64 33 0.00023030045351473923
65 33 8.857709750566897e-06
91 33 7.0861678004535159e-07
92 33 8.8577097505668937e-06
93 33 2.3384353741496593e-05
94 33 9.2120181405895699e-06
95 33 3.5430839002267585e-07
2 34 4.9603174603174595e-06
3 34 0.00012896825396825401
4 34 0.00032738095238095253
5 34 0.00012896825396825393
6 34 4.9603174603174595e-06
32 34 1.4172335600907032e-05
33 34 0.000368480725623583
34 34 0.0009353741496598636
35 34 0.00036848072562358267
36 34 1.4172335600907028e-05
62 34 8.857709750566892e-06
63 34 0.00023030045351473926
64 34 0.00058460884353741464
65 34 0.00023030045351473918
66 34 8.8577097505668903e-06
92 34 3.5430839002267569e-07
93 34 9.2120181405895699e-06
94 34 2.3384353741496597e-05
95 34 9.2120181405895631e-06
96 34 3.5430839002267564e-07
3 35 4.9603174603174612e-06
4 35 0.00012896825396825393
5 35 0.00032738095238095264
6 35 0.00012896825396825404
7 35 4.9603174603174612e-06
33 35 1.4172335600907035e-05
34 35 0.00036848072562358267
35 35 0.00093537414965986414
36 35 0.00036848072562358305
37 35 1.4172335600907037e-05
63 35 8.857709750566897e-06
64 35 0.00023030045351473918
65 35 0.00058460884353741496
66 35 0.00023030045351473931
67 35 8.857709750566897e-06
93 35 3.5430839002267585e-07
94 35 9.2120181405895631e-06
95 35 2.3384353741496603e-05
96 35 9.2120181405895733e-06
97 35 3.543083900226758e-07
4 36 4.9603174603174595e-06
5 36 0.00012896825396825404
6 36 0.00032738095238095242
7 36 0.00012896825396825393
8 36 4.9603174603174544e-06
34 36 1.4172335600907028e-05
35 36 0.00036848072562358305
36 36 0.0009353741496598636
37 36 0.00036848072562358278
38 36 1.4172335600907017e-05
64 36 8.8577097505668903e-06
65 36 0.00023030045351473931
66 36 0.00058460884353741464
67 36 0.00023030045351473912
68 36 8.8577097505668818e-06
94 36 3.5430839002267564e-07
95 36 9.2120181405895733e-06
96 36 2.3384353741496593e-05
97 36 9.2120181405895631e-06
98 36 3.5430839002267532e-07
5 37 4.9603174603174612e-06
6 37 0.00012896825396825393
7 37 0.00032738095238095242
8 37 0.00012896825396825395
9 37 4.9603174603174637e-06
35 37 1.4172335600907037e-05
36 37 0.00036848072562358278
37 37 0.00093537414965986392
38 37 0.00036848072562358273
39 37 1.4172335600907042e-05
65 37 8.857709750566897e-06
66 37 0.00023030045351473912
67 37 0.00058460884353741496
68 37 0.00023030045351473918
69 37 8.857709750566897e-06
95 37 3.543083900226758e-07
96 37 9.2120181405895648e-06
97 37 2.3384353741496597e-05
98 37 9.2120181405895648e-06
99 37 3.5430839002267596e-07
6 38 4.9603174603174544e-06
7 38 0.00012896825396825395
8 38 0.00032738095238095226
9 38 0.00012896825396825395
10 38 4.9603174603174637e-06
36 38 1.4172335600907017e-05
37 38 0.00036848072562358273
38 38 0.0009353741496598636
39 38 0.00036848072562358289
40 38 1.4172335600907044e-05
66 38 8.8577097505668818e-06
67 38 0.00023030045351473918
68 38 0.00058460884353741442
69 38 0.00023030045351473923
70 38 8.8577097505669004e-06
96 38 3.5430839002267532e-07
97 38 9.2120181405895648e-06
98 38 2.3384353741496587e-05
99 38 9.2120181405895682e-06
100 38 3.5430839002267585e-07
7 39 4.9603174603174637e-06
8 39 0.00012896825396825395
9 39 0.00032738095238095275
10 39 0.0001289682539682539
11 39 4.9603174603174688e-06
37 39 1.4172335600907042e-05
38 39 0.00036848072562358289
39 39 0.0009353741496598649
40 39 0.00036848072562358273
41 39 1.4172335600907056e-05
67 39 8.857709750566897e-06
68 39 0.00023030045351473923
69 39 0.00058460884353741551
70 39 0.00023030045351473912
71 39 8.8577097505669089e-06
97 39 3.5430839002267596e-07
98 39 9.2120181405895682e-06
99 39 2.338435374149662e-05
100 39 9.2120181405895614e-06
101 39 3.5430839002267627e-07
8 40 4.9603174603174637e-06
9 40 0.0001289682539682539
10 40 0.0003273809523809522
11 40 0.00012896825396825412
12 40 4.9603174603174645e-06
38 40 1.4172335600907044e-05
39 40 0.00036848072562358273
40 40 0.00093537414965986327
41 40 0.00036848072562358327
42 40 1.4172335600907051e-05
68 40 8.8577097505669004e-06
69 40 0.00023030045351473912
70 40 0.00058460884353741442
71 40 0.00023030045351473948
72 40 8.8577097505669038e-06
98 40 3.5430839002267585e-07
99 40 9.2120181405895614e-06
100 40 2.338435374149658e-05
101 40 9.2120181405895783e-06
102 40 3.5430839002267606e-07
9 41 4.9603174603174688e-06
10 41 0.00012896825396825412
11 41 0.00032738095238095286
12 41 0.00012896825396825393
13 41 4.9603174603174485e-06
39 41 1.4172335600907056e-05
40 41 0.00036848072562358332
41 41 0.00093537414965986501
42 41 0.00036848072562358273
43 41 1.4172335600907e-05
69 41 8.8577097505669089e-06
70 41 0.0002303004535147395
71 41 0.00058460884353741551
72 41 0.00023030045351473915
73 41 8.8577097505668716e-06
99 41 3.5430839002267627e-07
100 41 9.2120181405895783e-06
101 41 2.338435374149662e-05
102 41 9.2120181405895631e-06
103 41 3.5430839002267484e-07
10 42 4.9603174603174645e-06
11 42 0.0001289682539682539
12 42 0.00032738095238095204
13 42 0.0001289682539682539
14 42 4.9603174603174645e-06
40 42 1.4172335600907051e-05
41 42 0.00036848072562358273
42 42 0.00093537414965986295
43 42 0.00036848072562358278
44 42 1.4172335600907051e-05
70 42 8.8577097505669038e-06
71 42 0.00023030045351473918
72 42 0.0005846088435374141
73 42 0.00023030045351473918
74 42 8.8577097505669038e-06
100 42 3.5430839002267606e-07
101 42 9.2120181405895631e-06
102 42 2.338435374149657e-05
103 42 9.2120181405895648e-06
104 42 3.5430839002267606e-07
11 43 4.9603174603174485e-06
12 43 0.0001289682539682539
13 43 0.00032738095238095275
14 43 0.00012896825396825406
15 43 4.9603174603174578e-06
41 43 1.4172335600907e-05
42 43 0.00036848072562358278
43 43 0.00093537414965986479
44 43 0.00036848072562358316
45 43 1.4172335600907023e-05
71 43 8.8577097505668716e-06
72 43 0.0002303004535147392
73 43 0.00058460884353741518
74 43 0.00023030045351473945
75 43 8.8577097505668886e-06
101 43 3.5430839002267484e-07
102 43 9.2120181405895648e-06
103 43 2.3384353741496624e-05
104 43 9.2120181405895733e-06
105 43 3.5430839002267553e-07
12 44 4.9603174603174645e-06
13 44 0.00012896825396825406
14 44 0.00032738095238095204
15 44 0.00012896825396825398
16 44 4.9603174603174645e-06
42 44 1.4172335600907051e-05
43 44 0.00036848072562358322
44 44 0.00093537414965986284
45 44 0.00036848072562358289
46 44 1.4172335600907051e-05
72 44 8.8577097505669038e-06
73 44 0.00023030045351473939
74 44 0.0005846088435374141
75 44 0.0002303004535147392
76 44 8.8577097505669038e-06
102 44 3.5430839002267606e-07
103 44 9.2120181405895733e-06
104 44 2.3384353741496573e-05
105 44 9.2120181405895682e-06
106 44 3.5430839002267606e-07
13 45 4.9603174603174578e-06
14 45 0.00012896825396825398
15 45 0.00032738095238095264
16 45 0.00012896825396825395
17 45 4.9603174603174671e-06
43 45 1.4172335600907023e-05
44 45 0.00036848072562358294
45 45 0.0009353741496598649
46 45 0.00036848072562358311
47 45 1.4172335600907051e-05
73 45 8.8577097505668886e-06
74 45 0.00023030045351473923
75 45 0.00058460884353741529
76 45 0.00023030045351473926
77 45 8.8577097505669089e-06
103 45 3.5430839002267553e-07
104 45 9.2120181405895682e-06
105 45 2.3384353741496614e-05
106 45 9.2120181405895682e-06
107 45 3.5430839002267622e-07
14 46 4.9603174603174645e-06
15 46 0.00012896825396825395
16 46 0.00032738095238095215
17 46 0.00012896825396825368
18 46 4.9603174603174722e-06
44 46 1.4172335600907051e-05
45 46 0.00036848072562358311
46 46 0.00093537414965986327
47 46 0.00036848072562358229
48 46 1.4172335600907066e-05
74 46 8.8577097505669038e-06
75 46 0.00023030045351473929
76 46 0.00058460884353741431
77 46 0.00023030045351473872
78 46 8.8577097505669157e-06
104 46 3.5430839002267606e-07
105 46 9.2120181405895682e-06
106 46 2.338435374149658e-05
107 46 9.2120181405895512e-06
108 46 3.543083900226767e-07
15 47 4.9603174603174671e-06
16 47 0.00012896825396825368
17 47 0.00032738095238095253
18 47 0.00012896825396825409
19 47 4.9603174603174645e-06
45 47 1.4172335600907051e-05
46 47 0.00036848072562358229
47 47 0.00093537414965986446
48 47 0.00036848072562358332
49 47 1.4172335600907039e-05
75 47 8.8577097505669089e-06
76 47 0.00023030045351473872
77 47 0.00058460884353741486
78 47 0.00023030045351473945
79 47 8.8577097505669021e-06
105 47 3.5430839002267622e-07
106 47 9.2120181405895512e-06
107 47 2.3384353741496607e-05
108 47 9.2120181405895733e-06
109 47 3.5430839002267611e-07
16 48 4.9603174603174722e-06
17 48 0.00012896825396825409
18 48 0.00032738095238095296
19 48 0.00012896825396825398
20 48 4.9603174603174866e-06
46 48 1.4172335600907066e-05
47 48 0.00036848072562358332
48 48 0.00093537414965986555
49 48 0.00036848072562358294
50 48 1.4172335600907108e-05
76 48 8.8577097505669157e-06
77 48 0.00023030045351473942
78 48 0.00058460884353741583
79 48 0.00023030045351473923
80 48 8.8577097505669445e-06
106 48 3.543083900226767e-07
107 48 9.2120181405895733e-06
108 48 2.3384353741496631e-05
109 48 9.2120181405895699e-06
110 48 3.5430839002267754e-07
17 49 4.9603174603174645e-06
18 49 0.00012896825396825398
19 49 0.0003273809523809522
20 49 0.00012896825396825398
21 49 4.9603174603174595e-06
47 49 1.4172335600907039e-05
48 49 0.000368480725623583
49 49 0.00093537414965986316
50 49 0.00036848072562358305
51 49 1.4172335600907027e-05
77 49 8.8577097505669021e-06
78 49 0.00023030045351473926
79 49 0.00058460884353741453
80 49 0.00023030045351473926
81 49 8.8577097505668954e-06
107 49 3.5430839002267611e-07
108 49 9.2120181405895699e-06
109 49 2.338435374149658e-05
110 49 9.2120181405895699e-06
111 49 3.5430839002267564e-07
18 50 4.9603174603174866e-06
19 50 0.00012896825396825401
20 50 0.00032738095238095286
21 50 0.00012896825396825409
22 50 4.9603174603174722e-06
48 50 1.4172335600907108e-05
49 50 0.00036848072562358305
50 50 0.00093537414965986555
51 50 0.00036848072562358343
52 50 1.4172335600907066e-05
78 50 8.8577097505669445e-06
79 50 0.00023030045351473926
80 50 0.00058460884353741551
81 50 0.00023030045351473948
82 50 8.8577097505669157e-06
108 50 3.5430839002267754e-07
109 50 9.2120181405895699e-06
110 50 2.3384353741496627e-05
111 50 9.2120181405895767e-06
112 50 3.543083900226767e-07
19 51 4.9603174603174595e-06
20 51 0.00012896825396825409
21 51 0.00032738095238095253
22 51 0.0001289682539682536
23 51 4.960317460317451e-06
49 51 1.4172335600907027e-05
50 51 0.00036848072562358354
51 51 0.00093537414965986425
52 51 0.00036848072562358186
53 51 1.4172335600907006e-05
79 51 8.8577097505668954e-06
80 51 0.00023030045351473945
81 51 0.00058460884353741496
82 51 0.00023030045351473853
83 51 8.8577097505668767e-06
109 51 3.5430839002267564e-07
110 51 9.2120181405895767e-06
111 51 2.3384353741496603e-05
112 51 9.2120181405895445e-06
113 51 3.5430839002267511e-07
20 52 4.9603174603174722e-06
21 52 0.0001289682539682536
22 52 0.00032738095238095204
23 52 0.00012896825396825423
24 52 4.9603174603174671e-06
50 52 1.4172335600907066e-05
51 52 0.00036848072562358186
52 52 0.00093537414965986305
53 52 0.00036848072562358376
54 52 1.4172335600907051e-05
80 52 8.8577097505669157e-06
81 52 0.00023030045351473853
82 52 0.00058460884353741399
83 52 0.00023030045351473972
84 52 8.8577097505669089e-06
110 52 3.543083900226767e-07
111 52 9.2120181405895445e-06
112 52 2.338435374149657e-05
113 52 9.2120181405895851e-06
114 52 3.5430839002267622e-07
21 53 4.960317460317451e-06
22 53 0.00012896825396825423
23 53 0.00032738095238095231
24 53 0.00012896825396825368
25 53 4.9603174603174722e-06
51 53 1.4172335600907006e-05
52 53 0.00036848072562358376
53 53 0.0009353741496598637
54 53 0.00036848072562358229
55 53 1.4172335600907066e-05
81 53 8.8577097505668767e-06
82 53 0.00023030045351473972
83 53 0.00058460884353741453
84 53 0.00023030045351473872
85 53 8.8577097505669157e-06
111 53 3.5430839002267511e-07
112 53 9.2120181405895851e-06
113 53 2.338435374149659e-05
114 53 9.2120181405895512e-06
115 53 3.543083900226767e-07
22 54 4.9603174603174671e-06
23 54 0.00012896825396825368
24 54 0.00032738095238095269
25 54 0.00012896825396825412
26 54 4.9603174603174603e-06
52 54 1.4172335600907051e-05
53 54 0.00036848072562358229
54 54 0.00093537414965986501
55 54 0.00036848072562358343
56 54 1.4172335600907028e-05
82 54 8.8577097505669089e-06
83 54 0.00023030045351473872
84 54 0.00058460884353741529
85 54 0.00023030045351473953
86 54 8.8577097505668937e-06
112 54 3.5430839002267622e-07
113 54 9.2120181405895512e-06
114 54 2.338435374149662e-05
115 54 9.212018140589575e-06
116 54 3.543083900226758e-07
23 55 4.9603174603174722e-06
24 55 0.00012896825396825412
25 55 0.00032738095238095275
26 55 0.00012896825396825398
27 55 4.9603174603174917e-06
53 55 1.4172335600907066e-05
54 55 0.00036848072562358343
55 55 0.00093537414965986501
56 55 0.00036848072562358294
57 55 1.4172335600907123e-05
83 55 8.8577097505669157e-06
84 55 0.00023030045351473953
85 55 0.0005846088435374154
86 55 0.0002303004535147392
87 55 8.8577097505669513e-06
113 55 3.543083900226767e-07
114 55 9.212018140589575e-06
115 55 2.338435374149661e-05
116 55 9.2120181405895699e-06
117 55 3.5430839002267802e-07
24 56 4.9603174603174603e-06
25 56 0.00012896825396825398
26 56 0.00032738095238095242
27 56 0.00012896825396825393
28 56 4.9603174603174374e-06
54 56 1.4172335600907028e-05
55 56 0.00036848072562358294
56 56 0.00093537414965986381
57 56 0.00036848072562358267
58 56 1.4172335600906966e-05
84 56 8.8577097505668937e-06
85 56 0.00023030045351473926
86 56 0.00058460884353741496
87 56 0.00023030045351473907
88 56 8.8577097505668581e-06
114 56 3.543083900226758e-07
115 56 9.2120181405895699e-06
116 56 2.3384353741496593e-05
117 56 9.2120181405895631e-06
118 56 3.5430839002267416e-07
25 57 4.9603174603174917e-06
26 57 0.00012896825396825393
27 57 0.00032738095238095237
28 57 0.00012896825396825423
29 57 4.9603174603174722e-06
55 57 1.4172335600907123e-05
56 57 0.00036848072562358262
57 57 0.00093537414965986392
58 57 0.00036848072562358387
59 57 1.4172335600907066e-05
85 57 8.8577097505669513e-06
86 57 0.00023030045351473907
87 57 0.00058460884353741464
88 57 0.00023030045351473977
89 57 8.8577097505669157e-06
115 57 3.5430839002267802e-07
116 57 9.2120181405895631e-06
117 57 2.338435374149659e-05
118 57 9.2120181405895868e-06
119 57 3.543083900226767e-07
26 58 4.9603174603174374e-06
27 58 0.00012896825396825423
28 58 0.00032738095238095275
29 58 0.00012400793650793623
30 58 9.9206349206349443e-06
56 58 1.4172335600906966e-05
57 58 0.00036848072562358397
58 58 0.0009353741496598649
59 58 0.00035430839002267481
60 58 2.8344671201814132e-05
86 58 8.8577097505668581e-06
87 58 0.00023030045351473977
88 58 0.00058460884353741529
89 58 0.00022144274376417186
90 58 1.7715419501133831e-05
116 58 3.5430839002267416e-07
117 58 9.2120181405895868e-06
118 58 2.3384353741496617e-05
119 58 8.8577097505668716e-06
120 58 7.0861678004535339e-07
27 59 4.9603174603174722e-06
28 59 0.00012400793650793623
29 59 0.00019841269841269809
30 59 6.9444444444444865e-05
57 59 1.4172335600907066e-05
58 59 0.00035430839002267487
59 59 0.00056689342403628022
60 59 0.00019841269841269958
87 59 8.8577097505669157e-06
88 59 0.00022144274376417186
89 59 0.00035430839002267519
90 59 0.00012400793650793729
117 59 3.543083900226767e-07
118 59 8.8577097505668716e-06
119 59 1.4172335600907008e-05
120 59 4.96031746031749e-06
28 60 9.9206349206349443e-06
29 60 6.9444444444444865e-05
30 60 0.0001190476190476184
58 60 2.8344671201814132e-05
59 60 0.00019841269841269958
60 60 0.000340136054421767
88 60 1.7715419501133831e-05
89 60 0.00012400793650793729
90 60 0.0002125850340136043
118 60 7.0861678004535339e-07
119 60 4.96031746031749e-06
120 60 8.5034013605441683e-06
1 61 1.7006802721088431e-05
2 61 9.9206349206349206e-06
3 61 1.4172335600907036e-06
31 61 0.00021258503401360543
32 61 0.00012400793650793647
33 61 1.7715419501133791e-05
61 61 0.00056122448979591837
62 61 0.00032738095238095248
63 61 4.6768707482993214e-05
91 61 0.00022108843537414969
92 61 0.00012896825396825398
93 61 1.8424036281179147e-05
121 61 8.5034013605442157e-06
122 61 4.9603174603174603e-06
123 61 7.0861678004535181e-07
1 62 9.9206349206349206e-06
2 62 2.8344671201814074e-05
3 62 1.7715419501133794e-05
4 62 7.0861678004535159e-07
31 62 0.00012400793650793647
32 62 0.00035430839002267562
33 62 0.0002214427437641724
34 62 8.857709750566892e-06
61 62 0.00032738095238095248
62 62 0.00093537414965986392
63 62 0.00058460884353741486
64 62 2.3384353741496593e-05
91 62 0.00012896825396825398
92 62 0.00036848072562358305
93 62 0.0002303004535147392
94 62 9.2120181405895699e-06
121 62 4.9603174603174603e-06
122 62 1.4172335600907035e-05
123 62 8.8577097505668954e-06
124 62 3.543083900226758e-07
1 63 1.4172335600907036e-06
2 63 1.7715419501133794e-05
3 63 4.6768707482993214e-05
4 63 1.8424036281179147e-05
5 63 7.0861678004535191e-07
31 63 1.7715419501133791e-05
32 63 0.0002214427437641724
33 63 0.00058460884353741486
34 63 0.00023030045351473926
35 63 8.857709750566897e-06
61 63 4.67687074829932e-05
62 63 0.00058460884353741486
63 63 0.0015433673469387778
64 63 0.00060799319727891166
65 63 2.3384353741496607e-05
91 63 1.8424036281179147e-05
92 63 0.0002303004535147392
93 63 0.00060799319727891134
94 63 0.00023951247165532883
95 63 9.2120181405895733e-06
121 63 7.0861678004535181e-07
122 63 8.857709750566897e-06
123 63 2.33843537414966e-05
124 63 9.212018140589575e-06
125 63 3.543083900226759e-07
2 64 7.0861678004535159e-07
3 64 1.8424036281179147e-05
4 64 4.6768707482993207e-05
5 64 1.8424036281179133e-05
6 64 7.0861678004535149e-07
32 64 8.857709750566892e-06
33 64 0.00023030045351473926
34 64 0.00058460884353741464
35 64 0.00023030045351473918
36 64 8.8577097505668903e-06
62 64 2.3384353741496593e-05
63 64 0.00060799319727891166
64 64 0.001543367346938778
65 64 0.00060799319727891123
66 64 2.3384353741496587e-05
92 64 9.2120181405895699e-06
93 64 0.00023951247165532883
94 64 0.00060799319727891123
95 64 0.00023951247165532869
96 64 9.2120181405895716e-06
122 64 3.543083900226758e-07
123 64 9.212018140589575e-06
124 64 2.3384353741496597e-05
125 64 9.2120181405895699e-06
126 64 3.5430839002267574e-07
3 65 7.0861678004535191e-07
4 65 1.8424036281179133e-05
5 65 4.6768707482993227e-05
6 65 1.8424036281179147e-05
7 65 7.086167800453517e-07
33 65 8.857709750566897e-06
34 65 0.00023030045351473918
35 65 0.00058460884353741496
36 65 0.00023030045351473931
37 65 8.857709750566897e-06
63 65 2.3384353741496607e-05
64 65 0.00060799319727891123
65 65 0.0015433673469387778
66 65 0.00060799319727891188
67 65 2.338435374149661e-05
93 65 9.2120181405895733e-06
94 65 0.00023951247165532869
95 65 0.00060799319727891134
96 65 0.00023951247165532896
97 65 9.2120181405895767e-06
123 65 3.543083900226759e-07
124 65 9.2120181405895699e-06
125 65 2.3384353741496607e-05
126 65 9.2120181405895783e-06
127 65 3.543083900226759e-07
4 66 7.0861678004535149e-07
5 66 1.8424036281179147e-05
6 66 4.6768707482993214e-05
7 66 1.8424036281179143e-05
8 66 7.0861678004535085e-07
34 66 8.8577097505668886e-06
35 66 0.00023030045351473937
36 66 0.00058460884353741464
37 66 0.00023030045351473912
38 66 8.8577097505668818e-06
64 66 2.3384353741496587e-05
65 66 0.00060799319727891188
66 66 0.0015433673469387769
67 66 0.00060799319727891145
68 66 2.3384353741496566e-05
94 66 9.2120181405895699e-06
95 66 0.00023951247165532899
96 66 0.0006079931972789109
97 66 0.00023951247165532869
98 66 9.2120181405895631e-06
124 66 3.5430839002267574e-07
125 66 9.2120181405895783e-06
126 66 2.3384353741496597e-05
127 66 9.2120181405895699e-06
128 66 3.5430839002267537e-07
5 67 7.086167800453517e-07
6 67 1.8424036281179143e-05
7 67 4.6768707482993207e-05
8 67 1.842403628117913e-05
9 67 7.0861678004535202e-07
35 67 8.857709750566897e-06
36 67 0.00023030045351473912
37 67 0.00058460884353741496
38 67 0.00023030045351473912
39 67 8.857709750566897e-06
65 67 2.338435374149661e-05
66 67 0.00060799319727891145
67 67 0.0015433673469387778
68 67 0.00060799319727891145
69 67 2.338435374149662e-05
95 67 9.2120181405895767e-06
96 67 0.00023951247165532869
97 67 0.00060799319727891112
98 67 0.00023951247165532875
99 67 9.2120181405895783e-06
125 67 3.543083900226759e-07
126 67 9.2120181405895699e-06
127 67 2.3384353741496597e-05
128 67 9.2120181405895716e-06
129 67 3.5430839002267601e-07
6 68 7.0861678004535085e-07
7 68 1.842403628117913e-05
8 68 4.6768707482993207e-05
9 68 1.8424036281179143e-05
10 68 7.0861678004535191e-07
36 68 8.8577097505668818e-06
37 68 0.00023030045351473912
38 68 0.00058460884353741442
39 68 0.00023030045351473926
40 68 8.8577097505669004e-06
66 68 2.338435374149657e-05
67 68 0.00060799319727891134
68 68 0.0015433673469387765
69 68 0.00060799319727891155
70 68 2.3384353741496617e-05
96 68 9.2120181405895631e-06
97 68 0.00023951247165532875
98 68 0.0006079931972789108
99 68 0.00023951247165532883
100 68 9.21201814058958e-06
126 68 3.5430839002267537e-07
127 68 9.2120181405895716e-06
128 68 2.3384353741496593e-05
129 68 9.2120181405895716e-06
130 68 3.5430839002267601e-07
7 69 7.0861678004535202e-07
8 69 1.8424036281179143e-05
9 69 4.6768707482993248e-05
10 69 1.8424036281179119e-05
11 69 7.0861678004535276e-07
37 69 8.857709750566897e-06
38 69 0.00023030045351473926
39 69 0.00058460884353741551
40 69 0.00023030045351473912
41 69 8.8577097505669089e-06
67 69 2.3384353741496617e-05
68 69 0.00060799319727891155
69 69 0.0015433673469387791
70 69 0.00060799319727891112
71 69 2.3384353741496637e-05
97 69 9.2120181405895783e-06
98 69 0.00023951247165532883
99 69 0.00060799319727891199
100 69 0.00023951247165532872
101 69 9.2120181405895868e-06
127 69 3.5430839002267601e-07
128 69 9.2120181405895716e-06
129 69 2.3384353741496627e-05
130 69 9.2120181405895665e-06
131 69 3.5430839002267633e-07
8 70 7.0861678004535191e-07
9 70 1.8424036281179119e-05
10 70 4.676870748299318e-05
11 70 1.842403628117916e-05
12 70 7.0861678004535244e-07
38 70 8.8577097505669004e-06
39 70 0.00023030045351473912
40 70 0.00058460884353741442
41 70 0.0002303004535147395
42 70 8.8577097505669038e-06
68 70 2.3384353741496617e-05
69 70 0.00060799319727891112
70 70 0.0015433673469387762
71 70 0.0006079931972789122
72 70 2.3384353741496624e-05
98 70 9.21201814058958e-06
99 70 0.00023951247165532869
100 70 0.00060799319727891069
101 70 0.00023951247165532907
102 70 9.2120181405895834e-06
128 70 3.5430839002267601e-07
129 70 9.2120181405895648e-06
130 70 2.3384353741496587e-05
131 70 9.2120181405895817e-06
132 70 3.5430839002267622e-07
9 71 7.0861678004535276e-07
10 71 1.842403628117916e-05
11 71 4.6768707482993261e-05
12 71 1.8424036281179133e-05
13 71 7.0861678004534979e-07
39 71 8.8577097505669089e-06
40 71 0.0002303004535147395
41 71 0.00058460884353741551
42 71 0.00023030045351473915
43 71 8.8577097505668716e-06
69 71 2.3384353741496637e-05
70 71 0.0006079931972789122
71 71 0.0015433673469387793
72 71 0.00060799319727891145
73 71 2.3384353741496549e-05
99 71 9.2120181405895868e-06
100 71 0.00023951247165532907
101 71 0.00060799319727891166
102 71 0.00023951247165532877
103 71 9.2120181405895496e-06
129 71 3.5430839002267633e-07
130 71 9.2120181405895817e-06
131 71 2.3384353741496617e-05
132 71 9.2120181405895682e-06
133 71 3.5430839002267495e-07
10 72 7.0861678004535234e-07
11 72 1.8424036281179133e-05
12 72 4.6768707482993166e-05
13 72 1.8424036281179136e-05
14 72 7.0861678004535244e-07
40 72 8.8577097505669038e-06
41 72 0.00023030045351473912
42 72 0.0005846088435374141
43 72 0.00023030045351473918
44 72 8.8577097505669038e-06
70 72 2.3384353741496624e-05
71 72 0.00060799319727891145
72 72 0.0015433673469387754
73 72 0.00060799319727891145
74 72 2.3384353741496624e-05
100 72 9.2120181405895834e-06
101 72 0.00023951247165532875
102 72 0.00060799319727891036
103 72 0.00023951247165532877
104 72 9.2120181405895834e-06
130 72 3.5430839002267617e-07
131 72 9.2120181405895682e-06
132 72 2.3384353741496576e-05
133 72 9.2120181405895682e-06
134 72 3.5430839002267617e-07
11 73 7.0861678004534979e-07
12 73 1.8424036281179136e-05
13 73 4.6768707482993261e-05
14 73 1.8424036281179147e-05
15 73 7.0861678004535128e-07
41 73 8.8577097505668716e-06
42 73 0.00023030045351473915
43 73 0.00058460884353741518
44 73 0.00023030045351473945
45 73 8.8577097505668903e-06
71 73 2.3384353741496549e-05
72 73 0.00060799319727891145
73 73 0.0015433673469387793
74 73 0.0006079931972789122
75 73 2.338435374149659e-05
101 73 9.2120181405895496e-06
102 73 0.00023951247165532877
103 73 0.00060799319727891166
104 73 0.00023951247165532902
105 73 9.2120181405895665e-06
131 73 3.5430839002267495e-07
132 73 9.2120181405895682e-06
133 73 2.3384353741496631e-05
134 73 9.2120181405895783e-06
135 73 3.5430839002267559e-07
12 74 7.0861678004535244e-07
13 74 1.8424036281179147e-05
14 74 4.6768707482993153e-05
15 74 1.842403628117914e-05
16 74 7.0861678004535244e-07
42 74 8.8577097505669038e-06
43 74 0.00023030045351473945
44 74 0.0005846088435374141
45 74 0.00023030045351473923
46 74 8.8577097505669038e-06
72 74 2.3384353741496624e-05
73 74 0.0006079931972789122
74 74 0.0015433673469387756
75 74 0.00060799319727891166
76 74 2.3384353741496624e-05
102 74 9.2120181405895834e-06
103 74 0.00023951247165532902
104 74 0.00060799319727891036
105 74 0.0002395124716553288
106 74 9.2120181405895834e-06
132 74 3.5430839002267622e-07
133 74 9.2120181405895783e-06
134 74 2.3384353741496576e-05
135 74 9.2120181405895716e-06
136 74 3.5430839002267622e-07
13 75 7.0861678004535128e-07
14 75 1.842403628117914e-05
15 75 4.6768707482993248e-05
16 75 1.842403628117914e-05
17 75 7.0861678004535255e-07
43 75 8.8577097505668903e-06
44 75 0.00023030045351473923
45 75 0.00058460884353741529
46 75 0.00023030045351473926
47 75 8.8577097505669089e-06
73 75 2.338435374149659e-05
74 75 0.00060799319727891166
75 75 0.0015433673469387782
76 75 0.00060799319727891166
77 75 2.338435374149662e-05
103 75 9.2120181405895665e-06
104 75 0.0002395124716553288
105 75 0.00060799319727891155
106 75 0.00023951247165532888
107 75 9.2120181405895851e-06
133 75 3.5430839002267559e-07
134 75 9.2120181405895733e-06
135 75 2.3384353741496614e-05
136 75 9.2120181405895716e-06
137 75 3.5430839002267633e-07
14 76 7.0861678004535234e-07
15 76 1.8424036281179143e-05
16 76 4.6768707482993173e-05
17 76 1.8424036281179102e-05
18 76 7.086167800453535e-07
44 76 8.8577097505669038e-06
45 76 0.00023030045351473923
46 76 0.00058460884353741431
47 76 0.00023030045351473872
48 76 8.8577097505669157e-06
74 76 2.3384353741496624e-05
75 76 0.00060799319727891177
76 76 0.0015433673469387758
77 76 0.00060799319727891014
78 76 2.3384353741496651e-05
