# Created by Octave 5.2.0, Tue Oct 26 13:03:02 2021 CEST <omen@omen-linux>
# name: riga_7
# type: sparse matrix
# nnz: 1521
# rows: 81
# columns: 81
1 1 0.0032653061224489788
2 1 0.0019047619047619045
3 1 0.0002721088435374149
10 1 0.0019047619047619048
11 1 0.0011111111111111115
12 1 0.00015873015873015876
19 1 0.0002721088435374149
20 1 0.00015873015873015876
21 1 2.2675736961451258e-05
1 2 0.0019047619047619045
2 2 0.0054421768707483024
3 2 0.0034013605442176865
4 2 0.00013605442176870742
10 2 0.0011111111111111115
11 2 0.0031746031746031737
12 2 0.0019841269841269845
13 2 7.9365079365079351e-05
19 2 0.00015873015873015876
20 2 0.00045351473922902518
21 2 0.00028344671201814071
22 2 1.1337868480725626e-05
1 3 0.0002721088435374149
2 3 0.0034013605442176865
3 3 0.0089795918367346957
4 3 0.0035374149659863951
5 3 0.00013605442176870748
10 3 0.00015873015873015876
11 3 0.0019841269841269845
12 3 0.0052380952380952405
13 3 0.0020634920634920641
14 3 7.9365079365079379e-05
19 3 2.2675736961451258e-05
20 3 0.00028344671201814071
21 3 0.00074829931972789142
22 3 0.00029478458049886634
23 3 1.1337868480725631e-05
2 4 0.00013605442176870742
3 4 0.0035374149659863951
4 4 0.008979591836734694
5 4 0.0035374149659863929
6 4 0.00013605442176870745
11 4 7.9365079365079351e-05
12 4 0.0020634920634920641
13 4 0.0052380952380952396
14 4 0.0020634920634920633
15 4 7.9365079365079351e-05
20 4 1.1337868480725626e-05
21 4 0.00029478458049886634
22 4 0.00074829931972789131
23 4 0.00029478458049886613
24 4 1.1337868480725624e-05
3 5 0.00013605442176870748
4 5 0.0035374149659863929
5 5 0.008979591836734694
6 5 0.0035374149659863964
7 5 0.00013605442176870748
12 5 7.9365079365079379e-05
13 5 0.0020634920634920633
14 5 0.0052380952380952413
15 5 0.0020634920634920646
16 5 7.9365079365079379e-05
21 5 1.1337868480725631e-05
22 5 0.00029478458049886613
23 5 0.00074829931972789164
24 5 0.00029478458049886634
25 5 1.1337868480725627e-05
4 6 0.00013605442176870745
5 6 0.0035374149659863959
6 6 0.0089795918367346923
7 6 0.0035374149659863933
8 6 0.00013605442176870729
13 6 7.9365079365079351e-05
14 6 0.0020634920634920646
15 6 0.0052380952380952379
16 6 0.0020634920634920628
17 6 7.936507936507927e-05
22 6 1.1337868480725624e-05
23 6 0.00029478458049886634
24 6 0.00074829931972789142
25 6 0.00029478458049886629
26 6 1.1337868480725614e-05
5 7 0.00013605442176870748
6 7 0.0035374149659863929
7 7 0.0089795918367346923
8 7 0.0034013605442176865
9 7 0.00027210884353741501
14 7 7.9365079365079379e-05
15 7 0.0020634920634920628
16 7 0.0052380952380952387
17 7 0.0019841269841269836
18 7 0.00015873015873015876
23 7 1.1337868480725627e-05
24 7 0.00029478458049886629
25 7 0.00074829931972789131
26 7 0.0002834467120181406
27 7 2.2675736961451254e-05
6 8 0.00013605442176870732
7 8 0.0034013605442176865
8 8 0.0054421768707482929
9 8 0.001904761904761908
15 8 7.936507936507927e-05
16 8 0.0019841269841269836
17 8 0.0031746031746031724
18 8 0.0011111111111111128
24 8 1.1337868480725614e-05
25 8 0.0002834467120181406
26 8 0.00045351473922902464
27 8 0.000158730158730159
7 9 0.00027210884353741501
8 9 0.001904761904761908
9 9 0.0032653061224489767
16 9 0.00015873015873015876
17 9 0.0011111111111111128
18 9 0.0019047619047619032
25 9 2.2675736961451254e-05
26 9 0.000158730158730159
27 9 0.0002721088435374148
1 10 0.0019047619047619048
2 10 0.0011111111111111115
3 10 0.00015873015873015876
10 10 0.0054421768707483015
11 10 0.0031746031746031733
12 10 0.00045351473922902513
19 10 0.0034013605442176869
20 10 0.0019841269841269836
21 10 0.00028344671201814065
28 10 0.00013605442176870742
29 10 7.9365079365079338e-05
30 10 1.1337868480725626e-05
1 11 0.0011111111111111115
2 11 0.0031746031746031737
3 11 0.0019841269841269845
4 11 7.9365079365079351e-05
10 11 0.0031746031746031737
11 11 0.0090702947845804974
12 11 0.0056689342403628117
13 11 0.00022675736961451251
19 11 0.0019841269841269836
20 11 0.0056689342403628109
21 11 0.0035430839002267584
22 11 0.00014172335600907027
28 11 7.9365079365079338e-05
29 11 0.00022675736961451254
30 11 0.00014172335600907027
31 11 5.6689342403628111e-06
1 12 0.00015873015873015873
2 12 0.0019841269841269845
3 12 0.0052380952380952405
4 12 0.0020634920634920641
5 12 7.9365079365079379e-05
10 12 0.00045351473922902513
11 12 0.0056689342403628109
12 12 0.014965986394557821
13 12 0.005895691609977328
14 12 0.00022675736961451256
19 12 0.00028344671201814065
20 12 0.0035430839002267584
21 12 0.0093537414965986377
22 12 0.0036848072562358277
23 12 0.00014172335600907035
28 12 1.1337868480725626e-05
29 12 0.0001417233560090703
30 12 0.00037414965986394549
31 12 0.00014739229024943312
32 12 5.6689342403628136e-06
2 13 7.9365079365079351e-05
3 13 0.0020634920634920641
4 13 0.0052380952380952405
5 13 0.0020634920634920628
6 13 7.9365079365079351e-05
11 13 0.00022675736961451251
12 13 0.005895691609977328
13 13 0.014965986394557818
14 13 0.0058956916099773228
15 13 0.00022675736961451246
20 13 0.00014172335600907027
21 13 0.0036848072562358281
22 13 0.0093537414965986342
23 13 0.0036848072562358268
24 13 0.00014172335600907024
29 13 5.6689342403628111e-06
30 13 0.00014739229024943312
31 13 0.00037414965986394555
32 13 0.00014739229024943301
33 13 5.6689342403628102e-06
3 14 7.9365079365079379e-05
4 14 0.0020634920634920628
5 14 0.0052380952380952422
6 14 0.0020634920634920646
7 14 7.9365079365079379e-05
12 14 0.00022675736961451256
13 14 0.0058956916099773228
14 14 0.014965986394557826
15 14 0.0058956916099773288
16 14 0.00022675736961451259
21 14 0.00014172335600907035
22 14 0.0036848072562358268
23 14 0.0093537414965986394
24 14 0.003684807256235829
25 14 0.00014172335600907035
30 14 5.6689342403628136e-06
31 14 0.00014739229024943301
32 14 0.00037414965986394566
33 14 0.00014739229024943317
34 14 5.6689342403628128e-06
4 15 7.9365079365079351e-05
5 15 0.0020634920634920646
6 15 0.0052380952380952387
7 15 0.0020634920634920628
8 15 7.936507936507927e-05
13 15 0.00022675736961451246
14 15 0.0058956916099773288
15 15 0.014965986394557818
16 15 0.0058956916099773245
17 15 0.00022675736961451227
22 15 0.00014172335600907024
23 15 0.003684807256235829
24 15 0.0093537414965986342
25 15 0.003684807256235826
26 15 0.00014172335600907011
31 15 5.6689342403628102e-06
32 15 0.00014739229024943317
33 15 0.00037414965986394549
34 15 0.00014739229024943301
35 15 5.6689342403628051e-06
5 16 7.9365079365079379e-05
6 16 0.0020634920634920628
7 16 0.0052380952380952387
8 16 0.0019841269841269836
9 16 0.00015873015873015876
14 16 0.00022675736961451259
15 16 0.0058956916099773245
16 16 0.014965986394557823
17 16 0.0056689342403628091
18 16 0.00045351473922902513
23 16 0.00014172335600907035
24 16 0.003684807256235826
25 16 0.0093537414965986394
26 16 0.0035430839002267567
27 16 0.00028344671201814065
32 16 5.6689342403628128e-06
33 16 0.00014739229024943304
34 16 0.00037414965986394555
35 16 0.0001417233560090703
36 16 1.1337868480725624e-05
6 17 7.936507936507927e-05
7 17 0.0019841269841269836
8 17 0.003174603174603172
9 17 0.0011111111111111128
15 17 0.00022675736961451227
16 17 0.0056689342403628091
17 17 0.0090702947845804887
18 17 0.0031746031746031798
24 17 0.00014172335600907011
25 17 0.0035430839002267567
26 17 0.0056689342403628083
27 17 0.0019841269841269875
33 17 5.6689342403628051e-06
34 17 0.0001417233560090703
35 17 0.00022675736961451227
36 17 7.9365079365079501e-05
7 18 0.00015873015873015878
8 18 0.0011111111111111128
9 18 0.0019047619047619035
16 18 0.00045351473922902524
17 18 0.0031746031746031798
18 18 0.0054421768707482981
25 18 0.00028344671201814065
26 18 0.0019841269841269875
27 18 0.0034013605442176848
34 18 1.1337868480725624e-05
35 18 7.9365079365079501e-05
36 18 0.00013605442176870734
1 19 0.0002721088435374149
2 19 0.00015873015873015873
3 19 2.2675736961451258e-05
10 19 0.0034013605442176869
11 19 0.0019841269841269836
12 19 0.00028344671201814065
19 19 0.008979591836734694
20 19 0.0052380952380952396
21 19 0.00074829931972789142
28 19 0.0035374149659863951
