# Created by Octave 5.2.0, Tue Oct 26 12:51:08 2021 CEST <omen@omen-linux>
# name: riga_2
# type: sparse matrix
# nnz: 196
# rows: 16
# columns: 16
1 1 0.039999999999999994
2 1 0.023333333333333324
3 1 0.0033333333333333331
5 1 0.023333333333333321
6 1 0.013611111111111107
7 1 0.0019444444444444446
9 1 0.0033333333333333322
10 1 0.001944444444444445
11 1 0.00027777777777777789
1 2 0.023333333333333324
2 2 0.066666666666666638
3 2 0.039999999999999987
4 2 0.0033333333333333331
5 2 0.013611111111111107
6 2 0.038888888888888903
7 2 0.023333333333333324
8 2 0.001944444444444445
9 2 0.001944444444444445
10 2 0.0055555555555555592
11 2 0.0033333333333333353
12 2 0.00027777777777777789
1 3 0.0033333333333333331
2 3 0.039999999999999987
3 3 0.066666666666666666
4 3 0.023333333333333324
5 3 0.0019444444444444446
6 3 0.023333333333333324
7 3 0.038888888888888876
8 3 0.013611111111111114
9 3 0.00027777777777777789
10 3 0.0033333333333333353
11 3 0.0055555555555555566
12 3 0.001944444444444445
2 4 0.0033333333333333331
3 4 0.023333333333333324
4 4 0.039999999999999973
6 4 0.001944444444444445
7 4 0.013611111111111114
8 4 0.023333333333333324
10 4 0.00027777777777777789
11 4 0.001944444444444445
12 4 0.0033333333333333331
1 5 0.023333333333333327
2 5 0.013611111111111107
3 5 0.0019444444444444446
5 5 0.066666666666666652
6 5 0.038888888888888896
7 5 0.0055555555555555584
9 5 0.039999999999999994
10 5 0.023333333333333324
11 5 0.0033333333333333348
13 5 0.0033333333333333331
14 5 0.001944444444444445
15 5 0.00027777777777777789
1 6 0.013611111111111107
2 6 0.038888888888888903
3 6 0.023333333333333324
4 6 0.0019444444444444446
5 6 0.038888888888888903
6 6 0.11111111111111108
7 6 0.066666666666666652
8 6 0.0055555555555555584
9 6 0.023333333333333324
10 6 0.066666666666666666
11 6 0.040000000000000008
12 6 0.0033333333333333348
13 6 0.001944444444444445
14 6 0.0055555555555555592
15 6 0.0033333333333333353
16 6 0.00027777777777777789
1 7 0.0019444444444444446
2 7 0.023333333333333324
3 7 0.038888888888888883
4 7 0.013611111111111114
5 7 0.0055555555555555584
6 7 0.066666666666666652
7 7 0.11111111111111112
8 7 0.038888888888888903
9 7 0.0033333333333333348
10 7 0.040000000000000008
11 7 0.066666666666666666
12 7 0.023333333333333327
13 7 0.00027777777777777789
14 7 0.0033333333333333353
15 7 0.0055555555555555566
16 7 0.001944444444444445
2 8 0.001944444444444445
3 8 0.013611111111111114
4 8 0.023333333333333327
6 8 0.0055555555555555584
7 8 0.038888888888888903
8 8 0.066666666666666652
10 8 0.0033333333333333348
11 8 0.023333333333333327
12 8 0.039999999999999987
14 8 0.00027777777777777789
15 8 0.001944444444444445
16 8 0.0033333333333333331
1 9 0.0033333333333333322
2 9 0.001944444444444445
3 9 0.00027777777777777789
5 9 0.039999999999999994
6 9 0.023333333333333324
7 9 0.0033333333333333348
9 9 0.066666666666666652
10 9 0.038888888888888883
11 9 0.0055555555555555566
13 9 0.023333333333333324
14 9 0.013611111111111109
15 9 0.0019444444444444453
1 10 0.001944444444444445
2 10 0.0055555555555555592
3 10 0.0033333333333333353
4 10 0.00027777777777777789
5 10 0.023333333333333324
6 10 0.066666666666666666
7 10 0.040000000000000008
8 10 0.0033333333333333348
9 10 0.03888888888888889
10 10 0.1111111111111111
11 10 0.066666666666666666
12 10 0.0055555555555555566
13 10 0.013611111111111109
14 10 0.038888888888888903
15 10 0.023333333333333327
16 10 0.0019444444444444453
1 11 0.00027777777777777789
2 11 0.0033333333333333353
3 11 0.0055555555555555566
4 11 0.001944444444444445
5 11 0.0033333333333333348
6 11 0.040000000000000008
7 11 0.066666666666666666
8 11 0.023333333333333327
9 11 0.0055555555555555566
10 11 0.066666666666666666
11 11 0.11111111111111116
12 11 0.03888888888888889
13 11 0.0019444444444444453
14 11 0.023333333333333327
15 11 0.038888888888888883
16 11 0.013611111111111115
2 12 0.00027777777777777789
3 12 0.001944444444444445
4 12 0.0033333333333333331
6 12 0.0033333333333333348
7 12 0.023333333333333327
8 12 0.039999999999999987
10 12 0.0055555555555555566
11 12 0.03888888888888889
12 12 0.066666666666666652
14 12 0.0019444444444444453
15 12 0.013611111111111115
16 12 0.023333333333333331
5 13 0.0033333333333333331
6 13 0.001944444444444445
7 13 0.00027777777777777789
9 13 0.023333333333333324
10 13 0.013611111111111109
11 13 0.0019444444444444453
13 13 0.039999999999999987
14 13 0.023333333333333321
15 13 0.0033333333333333327
5 14 0.001944444444444445
6 14 0.0055555555555555592
7 14 0.0033333333333333353
8 14 0.00027777777777777789
9 14 0.013611111111111109
10 14 0.038888888888888903
11 14 0.023333333333333327
12 14 0.0019444444444444453
13 14 0.023333333333333321
14 14 0.066666666666666652
15 14 0.040000000000000001
16 14 0.0033333333333333327
5 15 0.00027777777777777789
6 15 0.0033333333333333353
7 15 0.0055555555555555566
8 15 0.001944444444444445
9 15 0.0019444444444444453
10 15 0.023333333333333327
11 15 0.038888888888888883
12 15 0.013611111111111115
13 15 0.0033333333333333327
14 15 0.040000000000000001
15 15 0.066666666666666666
16 15 0.023333333333333331
6 16 0.00027777777777777789
7 16 0.001944444444444445
8 16 0.0033333333333333331
10 16 0.0019444444444444453
11 16 0.013611111111111115
12 16 0.023333333333333331
14 16 0.0033333333333333327
15 16 0.023333333333333331
16 16 0.03999999999999998


