# Created by Octave 5.2.0, Tue Oct 26 13:01:23 2021 CEST <omen@omen-linux>
# name: riga_6
# type: sparse matrix
# nnz: 1156
# rows: 64
# columns: 64
1 1 0.0044444444444444401
2 1 0.0025925925925925917
3 1 0.0003703703703703703
9 1 0.0025925925925925917
10 1 0.0015123456790123455
11 1 0.00021604938271604945
17 1 0.0003703703703703703
18 1 0.00021604938271604937
19 1 3.0864197530864198e-05
1 2 0.0025925925925925917
2 2 0.007407407407407406
3 2 0.0046296296296296276
4 2 0.00018518518518518512
9 2 0.0015123456790123457
10 2 0.0043209876543209872
11 2 0.0027006172839506171
12 2 0.0001080246913580247
17 2 0.00021604938271604937
18 2 0.00061728395061728383
19 2 0.00038580246913580234
20 2 1.5432098765432096e-05
1 3 0.0003703703703703703
2 3 0.0046296296296296276
3 3 0.012222222222222209
4 3 0.0048148148148148117
5 3 0.00018518518518518515
9 3 0.00021604938271604945
10 3 0.0027006172839506171
11 3 0.0071296296296296273
12 3 0.0028086419753086422
13 3 0.00010802469135802471
17 3 3.0864197530864198e-05
18 3 0.00038580246913580234
19 3 0.0010185185185185191
20 3 0.00040123456790123444
21 3 1.5432098765432096e-05
2 4 0.00018518518518518512
3 4 0.0048148148148148117
4 4 0.012222222222222209
5 4 0.0048148148148148117
6 4 0.00018518518518518504
10 4 0.0001080246913580247
11 4 0.0028086419753086422
12 4 0.0071296296296296264
13 4 0.0028086419753086413
14 4 0.00010802469135802464
18 4 1.5432098765432096e-05
19 4 0.00040123456790123449
20 4 0.0010185185185185186
21 4 0.00040123456790123454
22 4 1.5432098765432089e-05
3 5 0.00018518518518518515
4 5 0.0048148148148148117
5 5 0.012222222222222214
6 5 0.0048148148148148117
7 5 0.00018518518518518528
11 5 0.00010802469135802471
12 5 0.0028086419753086413
13 5 0.0071296296296296273
14 5 0.0028086419753086413
15 5 0.00010802469135802478
19 5 1.5432098765432096e-05
20 5 0.00040123456790123454
21 5 0.0010185185185185191
22 5 0.00040123456790123449
23 5 1.5432098765432109e-05
4 6 0.00018518518518518504
5 6 0.0048148148148148117
6 6 0.012222222222222207
7 6 0.0046296296296296285
8 6 0.00037037037037037008
12 6 0.00010802469135802464
13 6 0.0028086419753086413
14 6 0.0071296296296296264
15 6 0.0027006172839506163
16 6 0.00021604938271604931
20 6 1.5432098765432089e-05
21 6 0.0004012345679012346
22 6 0.0010185185185185186
23 6 0.00038580246913580245
24 6 3.0864197530864178e-05
5 7 0.00018518518518518528
6 7 0.0046296296296296285
7 7 0.0074074074074074016
8 7 0.0025925925925925925
13 7 0.00010802469135802478
14 7 0.0027006172839506163
15 7 0.0043209876543209872
16 7 0.0015123456790123464
21 7 1.5432098765432109e-05
22 7 0.0003858024691358025
23 7 0.00061728395061728372
24 7 0.0002160493827160495
6 8 0.00037037037037037008
7 8 0.0025925925925925925
8 8 0.0044444444444444418
14 8 0.00021604938271604931
15 8 0.0015123456790123464
16 8 0.0025925925925925917
22 8 3.0864197530864178e-05
23 8 0.0002160493827160495
24 8 0.00037037037037037035
1 9 0.0025925925925925917
2 9 0.0015123456790123455
3 9 0.00021604938271604945
9 9 0.0074074074074074042
10 9 0.0043209876543209864
11 9 0.00061728395061728394
17 9 0.0046296296296296276
18 9 0.0027006172839506176
19 9 0.00038580246913580239
25 9 0.00018518518518518512
26 9 0.00010802469135802468
27 9 1.5432098765432096e-05
1 10 0.0015123456790123455
2 10 0.0043209876543209872
3 10 0.0027006172839506171
4 10 0.0001080246913580247
9 10 0.0043209876543209872
10 10 0.01234567901234569
11 10 0.0077160493827160507
12 10 0.00030864197530864181
17 10 0.0027006172839506176
18 10 0.007716049382716049
19 10 0.0048225308641975315
20 10 0.00019290123456790114
25 10 0.00010802469135802468
26 10 0.00030864197530864191
27 10 0.00019290123456790117
28 10 7.7160493827160479e-06
1 11 0.00021604938271604942
2 11 0.0027006172839506171
3 11 0.0071296296296296264
4 11 0.0028086419753086422
5 11 0.00010802469135802471
9 11 0.00061728395061728394
10 11 0.0077160493827160498
11 11 0.020370370370370365
12 11 0.0080246913580246902
13 11 0.00030864197530864186
17 11 0.00038580246913580239
18 11 0.0048225308641975306
19 11 0.012731481481481479
20 11 0.0050154320987654318
21 11 0.00019290123456790117
25 11 1.5432098765432096e-05
26 11 0.00019290123456790114
27 11 0.00050925925925925932
28 11 0.00020061728395061719
29 11 7.7160493827160479e-06
2 12 0.00010802469135802468
3 12 0.0028086419753086418
4 12 0.0071296296296296264
5 12 0.0028086419753086413
6 12 0.00010802469135802464
10 12 0.00030864197530864181
11 12 0.008024691358024692
12 12 0.020370370370370362
13 12 0.008024691358024692
14 12 0.00030864197530864175
18 12 0.00019290123456790114
19 12 0.005015432098765431
20 12 0.012731481481481474
21 12 0.0050154320987654318
22 12 0.00019290123456790109
26 12 7.7160493827160479e-06
27 12 0.00020061728395061724
28 12 0.00050925925925925921
29 12 0.00020061728395061724
30 12 7.7160493827160428e-06
3 13 0.00010802469135802471
4 13 0.0028086419753086413
5 13 0.007129629629629629
6 13 0.0028086419753086413
7 13 0.00010802469135802478
11 13 0.00030864197530864186
12 13 0.008024691358024692
13 13 0.020370370370370372
14 13 0.0080246913580246902
15 13 0.00030864197530864213
19 13 0.00019290123456790117
20 13 0.005015432098765431
21 13 0.012731481481481483
22 13 0.0050154320987654301
23 13 0.00019290123456790133
27 13 7.7160493827160479e-06
28 13 0.00020061728395061724
29 13 0.00050925925925925943
30 13 0.00020061728395061719
31 13 7.7160493827160546e-06
4 14 0.00010802469135802464
5 14 0.0028086419753086413
6 14 0.0071296296296296273
7 14 0.0027006172839506163
8 14 0.00021604938271604931
12 14 0.00030864197530864175
13 14 0.0080246913580246902
14 14 0.020370370370370365
15 14 0.0077160493827160446
16 14 0.0006172839506172834
20 14 0.00019290123456790109
21 14 0.0050154320987654292
22 14 0.012731481481481476
23 14 0.0048225308641975297
24 14 0.00038580246913580223
28 14 7.7160493827160428e-06
29 14 0.00020061728395061719
30 14 0.00050925925925925932
31 14 0.00019290123456790117
32 14 1.5432098765432089e-05
5 15 0.00010802469135802479
6 15 0.0027006172839506163
7 15 0.0043209876543209864
8 15 0.0015123456790123464
13 15 0.00030864197530864213
14 15 0.0077160493827160446
15 15 0.012345679012345682
16 15 0.0043209876543209881
21 15 0.00019290123456790133
22 15 0.0048225308641975306
23 15 0.0077160493827160464
24 15 0.0027006172839506171
29 15 7.7160493827160546e-06
30 15 0.00019290123456790117
31 15 0.00030864197530864186
32 15 0.00010802469135802472
6 16 0.00021604938271604931
7 16 0.0015123456790123461
8 16 0.0025925925925925917
14 16 0.0006172839506172834
15 16 0.004320987654320989
16 16 0.0074074074074074051
22 16 0.00038580246913580223
23 16 0.0027006172839506171
24 16 0.0046296296296296302
30 16 1.5432098765432089e-05
31 16 0.00010802469135802475
32 16 0.00018518518518518512
1 17 0.0003703703703703703
2 17 0.00021604938271604937
3 17 3.0864197530864198e-05
9 17 0.0046296296296296276
10 17 0.0027006172839506176
11 17 0.00038580246913580239
17 17 0.012222222222222211
18 17 0.0071296296296296255
19 17 0.0010185185185185189
25 17 0.0048148148148148126
26 17 0.0028086419753086422
27 17 0.00040123456790123454
33 17 0.00018518518518518512
34 17 0.00010802469135802468
35 17 1.5432098765432096e-05
1 18 0.00021604938271604939
2 18 0.00061728395061728405
3 18 0.00038580246913580234
4 18 1.5432098765432096e-05
9 18 0.0027006172839506176
10 18 0.007716049382716049
11 18 0.0048225308641975315
12 18 0.00019290123456790117
17 18 0.0071296296296296255
18 18 0.020370370370370372
19 18 0.012731481481481477
20 18 0.00050925925925925921
25 18 0.0028086419753086422
26 18 0.008024691358024692
27 18 0.0050154320987654318
28 18 0.00020061728395061722
33 18 0.00010802469135802468
34 18 0.00030864197530864191
35 18 0.00019290123456790114
36 18 7.7160493827160479e-06
1 19 3.0864197530864198e-05
2 19 0.00038580246913580239
3 19 0.0010185185185185191
4 19 0.00040123456790123444
5 19 1.5432098765432096e-05
9 19 0.00038580246913580239
10 19 0.0048225308641975306
11 19 0.012731481481481479
12 19 0.0050154320987654318
13 19 0.00019290123456790117
