# Created by Octave 5.2.0, Tue Oct 26 13:08:01 2021 CEST <omen@omen-linux>
# name: riga_9
# type: sparse matrix
# nnz: 2401
# rows: 121
# columns: 121
1 1 0.0019753086419753078
2 1 0.0011522633744855963
3 1 0.00016460905349794229
12 1 0.0011522633744855963
13 1 0.00067215363511659797
14 1 9.6021947873799763e-05
23 1 0.00016460905349794226
24 1 9.6021947873799749e-05
25 1 1.3717421124828532e-05
1 2 0.0011522633744855963
2 2 0.0032921810699588446
3 2 0.0020576131687242783
4 2 8.2304526748971132e-05
12 2 0.00067215363511659797
13 2 0.0019204389574759948
14 2 0.0012002743484224965
15 2 4.8010973936899874e-05
23 2 9.6021947873799749e-05
24 2 0.00027434842249657071
25 2 0.00017146776406035659
26 2 6.8587105624142652e-06
1 3 0.00016460905349794226
2 3 0.0020576131687242783
3 3 0.0054320987654320968
4 3 0.0021399176954732492
5 3 8.2304526748971132e-05
12 3 9.6021947873799763e-05
13 3 0.0012002743484224965
14 3 0.0031687242798353905
15 3 0.0012482853223593966
16 3 4.8010973936899861e-05
23 3 1.3717421124828532e-05
24 3 0.00017146776406035659
25 3 0.00045267489711934157
26 3 0.00017832647462277083
27 3 6.8587105624142636e-06
2 4 8.2304526748971146e-05
3 4 0.0021399176954732492
4 4 0.0054320987654320986
5 4 0.00213991769547325
6 4 8.2304526748971078e-05
13 4 4.8010973936899874e-05
14 4 0.0012482853223593966
15 4 0.0031687242798353909
16 4 0.0012482853223593966
17 4 4.801097393689982e-05
24 4 6.8587105624142652e-06
25 4 0.00017832647462277083
26 4 0.00045267489711934167
27 4 0.00017832647462277088
28 4 6.858710562414261e-06
3 5 8.2304526748971132e-05
4 5 0.00213991769547325
5 5 0.005432098765432096
6 5 0.0021399176954732505
7 5 8.2304526748971308e-05
14 5 4.8010973936899861e-05
15 5 0.0012482853223593966
16 5 0.0031687242798353905
17 5 0.0012482853223593964
18 5 4.8010973936899969e-05
25 5 6.8587105624142636e-06
26 5 0.00017832647462277088
27 5 0.00045267489711934151
28 5 0.00017832647462277091
29 5 6.8587105624142788e-06
4 6 8.2304526748971078e-05
5 6 0.0021399176954732505
6 6 0.0054320987654320986
7 6 0.00213991769547325
8 6 8.230452674897101e-05
15 6 4.801097393689982e-05
16 6 0.0012482853223593964
17 6 0.0031687242798353913
18 6 0.0012482853223593964
19 6 4.8010973936899807e-05
26 6 6.858710562414261e-06
27 6 0.00017832647462277091
28 6 0.00045267489711934178
29 6 0.00017832647462277088
30 6 6.8587105624142551e-06
5 7 8.2304526748971308e-05
6 7 0.00213991769547325
7 7 0.0054320987654320977
8 7 0.00213991769547325
9 7 8.2304526748971308e-05
16 7 4.8010973936899969e-05
17 7 0.0012482853223593964
18 7 0.0031687242798353909
19 7 0.0012482853223593959
20 7 4.8010973936899963e-05
27 7 6.8587105624142788e-06
28 7 0.00017832647462277085
29 7 0.00045267489711934184
30 7 0.00017832647462277085
31 7 6.8587105624142796e-06
6 8 8.230452674897101e-05
7 8 0.00213991769547325
8 8 0.0054320987654320968
9 8 0.00213991769547325
10 8 8.2304526748970902e-05
17 8 4.80109739368998e-05
18 8 0.0012482853223593959
19 8 0.0031687242798353905
20 8 0.0012482853223593968
21 8 4.8010973936899719e-05
28 8 6.8587105624142551e-06
29 8 0.00017832647462277085
30 8 0.00045267489711934167
31 8 0.00017832647462277088
32 8 6.8587105624142441e-06
7 9 8.2304526748971308e-05
8 9 0.00213991769547325
9 9 0.0054320987654320942
10 9 0.0020576131687242774
11 9 0.00016460905349794254
18 9 4.8010973936899963e-05
19 9 0.0012482853223593968
20 9 0.0031687242798353892
21 9 0.001200274348422496
22 9 9.6021947873799885e-05
29 9 6.8587105624142796e-06
30 9 0.00017832647462277088
31 9 0.00045267489711934151
32 9 0.00017146776406035659
33 9 1.3717421124828549e-05
8 10 8.2304526748970902e-05
9 10 0.0020576131687242774
10 10 0.0032921810699588468
11 10 0.0011522633744855979
19 10 4.8010973936899719e-05
20 10 0.001200274348422496
21 10 0.0019204389574759941
22 10 0.00067215363511659884
30 10 6.8587105624142441e-06
31 10 0.00017146776406035659
32 10 0.0002743484224965706
33 10 9.6021947873799844e-05
9 11 0.00016460905349794254
10 11 0.0011522633744855979
11 11 0.0019753086419753061
20 11 9.6021947873799898e-05
21 11 0.00067215363511659884
22 11 0.0011522633744855955
31 11 1.3717421124828551e-05
32 11 9.6021947873799844e-05
33 11 0.00016460905349794221
1 12 0.0011522633744855963
2 12 0.00067215363511659797
3 12 9.6021947873799763e-05
12 12 0.0032921810699588455
13 12 0.0019204389574759945
14 12 0.00027434842249657049
23 12 0.0020576131687242783
24 12 0.001200274348422496
25 12 0.00017146776406035664
34 12 8.2304526748971132e-05
35 12 4.8010973936899881e-05
36 12 6.8587105624142661e-06
1 13 0.00067215363511659808
2 13 0.0019204389574759948
3 13 0.0012002743484224965
4 13 4.8010973936899874e-05
12 13 0.0019204389574759945
13 13 0.0054869684499314047
14 13 0.0034293552812071312
15 13 0.00013717421124828525
23 13 0.001200274348422496
24 13 0.0034293552812071316
25 13 0.0021433470507544582
26 13 8.573388203017832e-05
34 13 4.8010973936899881e-05
35 13 0.0001371742112482853
36 13 8.573388203017828e-05
37 13 3.4293552812071326e-06
1 14 9.6021947873799763e-05
2 14 0.0012002743484224965
3 14 0.0031687242798353905
4 14 0.0012482853223593966
5 14 4.8010973936899861e-05
12 14 0.0002743484224965706
13 14 0.0034293552812071312
14 14 0.0090534979423868272
15 14 0.0035665294924554173
16 14 0.00013717421124828527
23 14 0.00017146776406035664
24 14 0.0021433470507544582
25 14 0.0056584362139917681
26 14 0.0022290809327846356
27 14 8.573388203017832e-05
34 14 6.8587105624142661e-06
35 14 8.573388203017828e-05
36 14 0.00022633744855967078
37 14 8.91632373113854e-05
38 14 3.4293552812071322e-06
2 15 4.8010973936899874e-05
3 15 0.0012482853223593966
4 15 0.0031687242798353909
5 15 0.0012482853223593968
6 15 4.801097393689982e-05
13 15 0.00013717421124828525
14 15 0.0035665294924554173
15 15 0.0090534979423868272
16 15 0.0035665294924554186
17 15 0.00013717421124828519
24 15 8.5733882030178307e-05
25 15 0.0022290809327846356
26 15 0.0056584362139917689
27 15 0.0022290809327846365
28 15 8.5733882030178225e-05
35 15 3.4293552812071326e-06
36 15 8.91632373113854e-05
37 15 0.00022633744855967084
38 15 8.9163237311385454e-05
39 15 3.4293552812071305e-06
3 16 4.8010973936899861e-05
4 16 0.0012482853223593966
5 16 0.00316872427983539
6 16 0.0012482853223593964
7 16 4.8010973936899963e-05
14 16 0.00013717421124828527
15 16 0.0035665294924554186
16 16 0.0090534979423868237
17 16 0.0035665294924554177
18 16 0.0001371742112482856
25 16 8.5733882030178307e-05
26 16 0.0022290809327846365
27 16 0.0056584362139917672
28 16 0.002229080932784636
29 16 8.5733882030178469e-05
36 16 3.4293552812071322e-06
37 16 8.9163237311385454e-05
38 16 0.00022633744855967081
39 16 8.9163237311385454e-05
40 16 3.4293552812071386e-06
4 17 4.8010973936899834e-05
5 17 0.0012482853223593964
6 17 0.0031687242798353913
7 17 0.0012482853223593964
8 17 4.8010973936899807e-05
15 17 0.00013717421124828519
16 17 0.0035665294924554177
17 17 0.0090534979423868255
18 17 0.0035665294924554173
19 17 0.00013717421124828511
26 17 8.5733882030178225e-05
27 17 0.002229080932784636
28 17 0.0056584362139917707
29 17 0.002229080932784636
30 17 8.5733882030178185e-05
37 17 3.4293552812071305e-06
38 17 8.9163237311385454e-05
39 17 0.00022633744855967086
40 17 8.9163237311385441e-05
41 17 3.4293552812071275e-06
5 18 4.8010973936899963e-05
6 18 0.0012482853223593964
7 18 0.0031687242798353913
8 18 0.0012482853223593961
9 18 4.8010973936899963e-05
16 18 0.0001371742112482856
17 18 0.0035665294924554173
18 18 0.0090534979423868307
19 18 0.0035665294924554169
20 18 0.0001371742112482856
27 18 8.5733882030178469e-05
28 18 0.002229080932784636
29 18 0.0056584362139917707
30 18 0.0022290809327846356
31 18 8.5733882030178469e-05
38 18 3.4293552812071386e-06
39 18 8.9163237311385441e-05
40 18 0.00022633744855967086
41 18 8.9163237311385427e-05
42 18 3.429355281207139e-06
6 19 4.8010973936899807e-05
7 19 0.0012482853223593959
8 19 0.00316872427983539
9 19 0.0012482853223593968
10 19 4.8010973936899719e-05
17 19 0.00013717421124828511
18 19 0.0035665294924554169
19 19 0.0090534979423868255
