# Created by Octave 5.2.0, Tue Oct 26 13:05:14 2021 CEST <omen@omen-linux>
# name: riga_8
# type: sparse matrix
# nnz: 1936
# rows: 100
# columns: 100
1 1 0.0024999999999999996
2 1 0.0014583333333333327
3 1 0.00020833333333333332
11 1 0.0014583333333333325
12 1 0.00085069444444444418
13 1 0.00012152777777777779
21 1 0.00020833333333333327
22 1 0.00012152777777777781
23 1 1.7361111111111118e-05
1 2 0.0014583333333333327
2 2 0.0041666666666666649
3 2 0.0026041666666666652
4 2 0.00010416666666666666
11 2 0.00085069444444444418
12 2 0.0024305555555555565
13 2 0.001519097222222222
14 2 6.0763888888888907e-05
21 2 0.00012152777777777781
22 2 0.00034722222222222245
23 2 0.0002170138888888889
24 2 8.6805555555555589e-06
1 3 0.00020833333333333332
2 3 0.0026041666666666652
3 3 0.0068749999999999983
4 3 0.0027083333333333313
5 3 0.00010416666666666666
11 3 0.00012152777777777779
12 3 0.001519097222222222
13 3 0.0040104166666666647
14 3 0.0015798611111111104
15 3 6.0763888888888901e-05
21 3 1.7361111111111118e-05
22 3 0.0002170138888888889
23 3 0.00057291666666666667
24 3 0.00022569444444444443
25 3 8.6805555555555606e-06
2 4 0.00010416666666666666
3 4 0.0027083333333333313
4 4 0.0068749999999999992
5 4 0.0027083333333333321
6 4 0.0001041666666666667
12 4 6.0763888888888907e-05
13 4 0.0015798611111111104
14 4 0.0040104166666666665
15 4 0.0015798611111111107
16 4 6.0763888888888921e-05
22 4 8.6805555555555589e-06
23 4 0.00022569444444444443
24 4 0.00057291666666666678
25 4 0.00022569444444444449
26 4 8.6805555555555623e-06
3 5 0.00010416666666666666
4 5 0.0027083333333333317
5 5 0.0068749999999999992
6 5 0.0027083333333333313
7 5 0.0001041666666666667
13 5 6.0763888888888901e-05
14 5 0.0015798611111111107
15 5 0.0040104166666666665
16 5 0.0015798611111111102
17 5 6.0763888888888935e-05
23 5 8.6805555555555589e-06
24 5 0.00022569444444444449
25 5 0.00057291666666666678
26 5 0.00022569444444444449
27 5 8.6805555555555623e-06
4 6 0.0001041666666666667
5 6 0.0027083333333333313
6 6 0.006875
7 6 0.0027083333333333313
8 6 0.00010416666666666658
14 6 6.0763888888888921e-05
15 6 0.0015798611111111102
16 6 0.0040104166666666665
17 6 0.0015798611111111098
18 6 6.076388888888886e-05
24 6 8.6805555555555623e-06
25 6 0.00022569444444444449
26 6 0.00057291666666666689
27 6 0.00022569444444444446
28 6 8.6805555555555539e-06
5 7 0.0001041666666666667
6 7 0.0027083333333333308
7 7 0.0068749999999999983
8 7 0.0027083333333333321
9 7 0.00010416666666666667
15 7 6.0763888888888935e-05
16 7 0.0015798611111111098
17 7 0.0040104166666666647
18 7 0.0015798611111111111
19 7 6.0763888888888921e-05
25 7 8.6805555555555623e-06
26 7 0.00022569444444444446
27 7 0.00057291666666666667
28 7 0.00022569444444444454
29 7 8.6805555555555572e-06
6 8 0.00010416666666666658
7 8 0.0027083333333333321
8 8 0.0068749999999999983
9 8 0.0026041666666666661
10 8 0.00020833333333333346
16 8 6.076388888888886e-05
17 8 0.0015798611111111111
18 8 0.0040104166666666647
19 8 0.0015190972222222216
20 8 0.00012152777777777792
26 8 8.6805555555555539e-06
27 8 0.00022569444444444454
28 8 0.00057291666666666656
29 8 0.00021701388888888893
30 8 1.7361111111111131e-05
7 9 0.00010416666666666667
8 9 0.0026041666666666661
9 9 0.0041666666666666675
10 9 0.0014583333333333345
17 9 6.0763888888888921e-05
18 9 0.0015190972222222216
19 9 0.002430555555555556
20 9 0.00085069444444444526
27 9 8.6805555555555572e-06
28 9 0.00021701388888888893
29 9 0.00034722222222222234
30 9 0.00012152777777777794
8 10 0.00020833333333333346
9 10 0.0014583333333333345
10 10 0.0024999999999999953
18 10 0.00012152777777777792
19 10 0.00085069444444444526
20 10 0.0014583333333333308
28 10 1.7361111111111131e-05
29 10 0.00012152777777777794
30 10 0.00020833333333333302
1 11 0.001458333333333333
2 11 0.00085069444444444418
3 11 0.00012152777777777779
11 11 0.0041666666666666657
12 11 0.002430555555555556
13 11 0.0003472222222222224
21 11 0.0026041666666666648
22 11 0.0015190972222222218
23 11 0.0002170138888888889
31 11 0.00010416666666666666
32 11 6.0763888888888907e-05
33 11 8.6805555555555589e-06
1 12 0.00085069444444444418
2 12 0.0024305555555555565
3 12 0.0015190972222222218
4 12 6.0763888888888894e-05
11 12 0.0024305555555555565
12 12 0.0069444444444444423
13 12 0.004340277777777778
14 12 0.0001736111111111112
21 12 0.0015190972222222218
22 12 0.004340277777777778
23 12 0.0027126736111111097
24 12 0.00010850694444444445
31 12 6.0763888888888907e-05
32 12 0.00017361111111111123
33 12 0.00010850694444444445
34 12 4.3402777777777795e-06
1 13 0.00012152777777777779
2 13 0.0015190972222222218
3 13 0.0040104166666666647
4 13 0.0015798611111111104
5 13 6.0763888888888901e-05
11 13 0.0003472222222222224
12 13 0.004340277777777778
13 13 0.011458333333333339
14 13 0.0045138888888888902
15 13 0.00017361111111111123
21 13 0.0002170138888888889
22 13 0.0027126736111111097
23 13 0.0071614583333333339
24 13 0.0028211805555555546
25 13 0.00010850694444444442
31 13 8.6805555555555589e-06
32 13 0.00010850694444444445
33 13 0.00028645833333333333
34 13 0.00011284722222222222
35 13 4.3402777777777803e-06
2 14 6.0763888888888907e-05
3 14 0.0015798611111111104
4 14 0.0040104166666666665
5 14 0.0015798611111111107
6 14 6.0763888888888921e-05
12 14 0.0001736111111111112
13 14 0.0045138888888888893
14 14 0.011458333333333339
15 14 0.0045138888888888919
16 14 0.00017361111111111131
22 14 0.00010850694444444445
23 14 0.0028211805555555546
24 14 0.007161458333333333
25 14 0.0028211805555555546
26 14 0.00010850694444444448
32 14 4.3402777777777795e-06
33 14 0.00011284722222222222
34 14 0.00028645833333333339
35 14 0.00011284722222222224
36 14 4.3402777777777812e-06
3 15 6.0763888888888901e-05
4 15 0.0015798611111111107
5 15 0.0040104166666666665
6 15 0.0015798611111111102
7 15 6.0763888888888935e-05
13 15 0.00017361111111111123
14 15 0.0045138888888888919
15 15 0.011458333333333339
16 15 0.0045138888888888902
17 15 0.00017361111111111133
23 15 0.00010850694444444441
24 15 0.0028211805555555546
25 15 0.0071614583333333348
26 15 0.0028211805555555542
27 15 0.00010850694444444449
33 15 4.3402777777777795e-06
34 15 0.00011284722222222224
35 15 0.00028645833333333339
36 15 0.00011284722222222224
37 15 4.3402777777777812e-06
4 16 6.0763888888888921e-05
5 16 0.0015798611111111102
6 16 0.0040104166666666665
7 16 0.0015798611111111098
8 16 6.076388888888886e-05
14 16 0.00017361111111111131
15 16 0.0045138888888888902
16 16 0.011458333333333339
17 16 0.0045138888888888893
18 16 0.00017361111111111112
24 16 0.00010850694444444448
25 16 0.0028211805555555542
26 16 0.0071614583333333365
27 16 0.0028211805555555542
28 16 0.00010850694444444438
34 16 4.3402777777777812e-06
35 16 0.00011284722222222224
36 16 0.00028645833333333344
37 16 0.00011284722222222223
38 16 4.3402777777777769e-06
5 17 6.0763888888888935e-05
6 17 0.0015798611111111098
7 17 0.0040104166666666647
8 17 0.0015798611111111111
9 17 6.0763888888888921e-05
15 17 0.00017361111111111133
16 17 0.0045138888888888893
17 17 0.011458333333333336
18 17 0.0045138888888888919
19 17 0.00017361111111111128
25 17 0.00010850694444444449
26 17 0.0028211805555555542
27 17 0.0071614583333333313
28 17 0.0028211805555555551
29 17 0.00010850694444444447
35 17 4.3402777777777812e-06
36 17 0.00011284722222222223
37 17 0.00028645833333333333
38 17 0.00011284722222222227
39 17 4.3402777777777786e-06
6 18 6.076388888888886e-05
7 18 0.0015798611111111111
8 18 0.0040104166666666647
9 18 0.0015190972222222216
10 18 0.0001215277777777779
16 18 0.00017361111111111112
17 18 0.0045138888888888919
18 18 0.011458333333333338
19 18 0.0043402777777777771
20 18 0.00034722222222222278
26 18 0.00010850694444444438
27 18 0.0028211805555555551
28 18 0.0071614583333333348
29 18 0.0027126736111111114
30 18 0.00021701388888888904
36 18 4.3402777777777769e-06
37 18 0.00011284722222222227
38 18 0.00028645833333333328
39 18 0.00010850694444444447
40 18 8.6805555555555657e-06
7 19 6.0763888888888921e-05
8 19 0.0015190972222222216
9 19 0.002430555555555556
