# Created by Octave 5.2.0, Tue Oct 26 12:52:41 2021 CEST <omen@omen-linux>
# name: riga_4
# type: sparse matrix
# nnz: 576
# rows: 36
# columns: 36
1 1 0.0099999999999999985
2 1 0.005833333333333331
3 1 0.00083333333333333328
7 1 0.0058333333333333301
8 1 0.0034027777777777767
9 1 0.00048611111111111115
13 1 0.00083333333333333306
14 1 0.00048611111111111126
15 1 6.9444444444444471e-05
1 2 0.005833333333333331
2 2 0.016666666666666659
3 2 0.010416666666666661
4 2 0.00041666666666666664
7 2 0.0034027777777777767
8 2 0.0097222222222222258
9 2 0.0060763888888888881
10 2 0.00024305555555555563
13 2 0.00048611111111111126
14 2 0.0013888888888888898
15 2 0.00086805555555555562
16 2 3.4722222222222236e-05
1 3 0.00083333333333333328
2 3 0.010416666666666661
3 3 0.027499999999999993
4 3 0.010833333333333325
5 3 0.00041666666666666664
7 3 0.00048611111111111115
8 3 0.0060763888888888881
9 3 0.016041666666666659
10 3 0.0063194444444444418
11 3 0.0002430555555555556
13 3 6.9444444444444471e-05
14 3 0.00086805555555555562
15 3 0.0022916666666666667
16 3 0.00090277777777777774
17 3 3.4722222222222243e-05
2 4 0.00041666666666666664
3 4 0.010833333333333325
4 4 0.027499999999999997
5 4 0.010416666666666668
6 4 0.0008333333333333336
8 4 0.00024305555555555563
9 4 0.0063194444444444418
10 4 0.016041666666666666
11 4 0.006076388888888889
12 4 0.00048611111111111137
14 4 3.4722222222222236e-05
15 4 0.00090277777777777774
16 4 0.0022916666666666671
17 4 0.00086805555555555605
18 4 6.9444444444444499e-05
3 5 0.00041666666666666664
4 5 0.010416666666666664
5 5 0.016666666666666666
6 5 0.0058333333333333336
9 5 0.0002430555555555556
10 5 0.006076388888888889
11 5 0.0097222222222222206
12 5 0.0034027777777777793
15 5 3.4722222222222236e-05
16 5 0.00086805555555555605
17 5 0.0013888888888888889
18 5 0.00048611111111111131
4 6 0.0008333333333333336
5 6 0.0058333333333333336
6 6 0.0099999999999999898
10 6 0.00048611111111111137
11 6 0.0034027777777777793
12 6 0.0058333333333333293
16 6 6.9444444444444499e-05
17 6 0.00048611111111111131
18 6 0.00083333333333333284
1 7 0.0058333333333333319
2 7 0.0034027777777777767
3 7 0.00048611111111111115
7 7 0.016666666666666663
8 7 0.0097222222222222241
9 7 0.0013888888888888896
13 7 0.010416666666666659
14 7 0.0060763888888888873
15 7 0.00086805555555555562
19 7 0.00041666666666666664
20 7 0.00024305555555555563
21 7 3.4722222222222236e-05
1 8 0.0034027777777777767
2 8 0.0097222222222222258
3 8 0.0060763888888888873
4 8 0.00024305555555555558
7 8 0.0097222222222222258
8 8 0.027777777777777769
9 8 0.017361111111111112
10 8 0.0006944444444444448
13 8 0.0060763888888888873
14 8 0.017361111111111112
15 8 0.010850694444444439
16 8 0.00043402777777777781
19 8 0.00024305555555555563
20 8 0.0006944444444444449
21 8 0.00043402777777777781
22 8 1.7361111111111118e-05
1 9 0.00048611111111111115
2 9 0.0060763888888888873
3 9 0.016041666666666659
4 9 0.0063194444444444418
5 9 0.0002430555555555556
7 9 0.0013888888888888896
8 9 0.017361111111111112
9 9 0.045833333333333358
10 9 0.018055555555555561
11 9 0.0006944444444444449
13 9 0.00086805555555555562
14 9 0.010850694444444439
15 9 0.028645833333333336
16 9 0.011284722222222219
17 9 0.0004340277777777777
19 9 3.4722222222222236e-05
20 9 0.00043402777777777781
21 9 0.0011458333333333333
22 9 0.00045138888888888887
23 9 1.7361111111111121e-05
2 10 0.00024305555555555563
3 10 0.0063194444444444418
4 10 0.016041666666666666
5 10 0.006076388888888889
6 10 0.00048611111111111137
8 10 0.0006944444444444448
9 10 0.018055555555555557
10 10 0.045833333333333358
11 10 0.017361111111111112
12 10 0.0013888888888888905
14 10 0.00043402777777777781
15 10 0.011284722222222219
16 10 0.028645833333333332
17 10 0.010850694444444448
18 10 0.00086805555555555583
20 10 1.7361111111111118e-05
21 10 0.00045138888888888887
22 10 0.0011458333333333336
23 10 0.00043402777777777802
24 10 3.4722222222222249e-05
3 11 0.0002430555555555556
4 11 0.006076388888888889
5 11 0.0097222222222222206
6 11 0.0034027777777777793
9 11 0.0006944444444444449
10 11 0.017361111111111112
11 11 0.027777777777777783
12 11 0.0097222222222222258
15 11 0.00043402777777777765
16 11 0.010850694444444448
17 11 0.017361111111111115
18 11 0.0060763888888888925
21 11 1.7361111111111118e-05
22 11 0.00043402777777777802
23 11 0.00069444444444444447
24 11 0.00024305555555555566
4 12 0.00048611111111111137
5 12 0.0034027777777777793
6 12 0.0058333333333333293
10 12 0.0013888888888888905
11 12 0.0097222222222222293
12 12 0.016666666666666659
16 12 0.00086805555555555583
17 12 0.0060763888888888925
18 12 0.010416666666666659
22 12 3.4722222222222249e-05
23 12 0.00024305555555555566
24 12 0.00041666666666666642
1 13 0.00083333333333333306
2 13 0.00048611111111111126
3 13 6.9444444444444471e-05
7 13 0.010416666666666659
8 13 0.0060763888888888881
9 13 0.00086805555555555562
13 13 0.027499999999999997
14 13 0.016041666666666666
15 13 0.0022916666666666671
19 13 0.010833333333333323
20 13 0.0063194444444444435
21 13 0.00090277777777777774
25 13 0.00041666666666666658
26 13 0.00024305555555555558
27 13 3.4722222222222236e-05
1 14 0.00048611111111111126
2 14 0.0013888888888888898
3 14 0.00086805555555555562
4 14 3.4722222222222236e-05
7 14 0.0060763888888888881
8 14 0.017361111111111112
9 14 0.010850694444444439
10 14 0.00043402777777777781
13 14 0.016041666666666666
14 14 0.045833333333333344
15 14 0.028645833333333339
16 14 0.0011458333333333336
19 14 0.0063194444444444426
20 14 0.018055555555555561
21 14 0.011284722222222215
22 14 0.00045138888888888892
25 14 0.00024305555555555558
26 14 0.0006944444444444449
27 14 0.0004340277777777777
28 14 1.7361111111111118e-05
1 15 6.9444444444444471e-05
2 15 0.00086805555555555562
3 15 0.0022916666666666667
4 15 0.00090277777777777774
5 15 3.4722222222222236e-05
7 15 0.00086805555555555562
8 15 0.010850694444444439
9 15 0.028645833333333336
10 15 0.011284722222222219
11 15 0.0004340277777777777
13 15 0.0022916666666666671
14 15 0.028645833333333339
15 15 0.075624999999999998
16 15 0.029791666666666657
17 15 0.0011458333333333336
19 15 0.00090277777777777784
20 15 0.011284722222222215
21 15 0.029791666666666657
22 15 0.011736111111111105
23 15 0.00045138888888888881
25 15 3.4722222222222236e-05
26 15 0.0004340277777777777
27 15 0.0011458333333333336
28 15 0.00045138888888888876
29 15 1.7361111111111118e-05
2 16 3.4722222222222236e-05
3 16 0.00090277777777777774
4 16 0.0022916666666666671
5 16 0.00086805555555555605
6 16 6.9444444444444499e-05
8 16 0.00043402777777777781
9 16 0.011284722222222219
10 16 0.028645833333333332
11 16 0.010850694444444448
12 16 0.00086805555555555583
14 16 0.0011458333333333336
15 16 0.029791666666666657
16 16 0.075625000000000026
17 16 0.028645833333333332
18 16 0.0022916666666666684
20 16 0.00045138888888888892
21 16 0.011736111111111105
22 16 0.029791666666666661
23 16 0.011284722222222224
24 16 0.00090277777777777806
26 16 1.7361111111111118e-05
27 16 0.00045138888888888876
28 16 0.0011458333333333336
29 16 0.00043402777777777808
30 16 3.4722222222222256e-05
3 17 3.4722222222222236e-05
4 17 0.00086805555555555605
5 17 0.0013888888888888889
6 17 0.00048611111111111131
9 17 0.0004340277777777777
10 17 0.010850694444444448
11 17 0.017361111111111115
12 17 0.0060763888888888925
15 17 0.0011458333333333333
16 17 0.028645833333333332
17 17 0.045833333333333365
18 17 0.016041666666666666
21 17 0.00045138888888888876
22 17 0.011284722222222224
23 17 0.018055555555555557
24 17 0.0063194444444444461
27 17 1.7361111111111118e-05
28 17 0.00043402777777777808
29 17 0.00069444444444444447
30 17 0.00024305555555555568
4 18 6.9444444444444499e-05
5 18 0.00048611111111111131
6 18 0.00083333333333333284
10 18 0.00086805555555555583
11 18 0.0060763888888888925
12 18 0.010416666666666659
16 18 0.0022916666666666684
17 18 0.016041666666666666
18 18 0.027499999999999979
22 18 0.00090277777777777806
23 18 0.0063194444444444461
24 18 0.010833333333333322
28 18 3.4722222222222256e-05
29 18 0.00024305555555555568
30 18 0.00041666666666666637
7 19 0.00041666666666666664
8 19 0.00024305555555555563
9 19 3.4722222222222236e-05
13 19 0.010833333333333325
14 19 0.0063194444444444435
15 19 0.00090277777777777784
19 19 0.027499999999999993
20 19 0.016041666666666669
21 19 0.0022916666666666671
25 19 0.010416666666666666
26 19 0.0060763888888888899
27 19 0.00086805555555555583
31 19 0.0008333333333333336
32 19 0.00048611111111111142
33 19 6.9444444444444512e-05
7 20 0.00024305555555555563
8 20 0.0006944444444444449
9 20 0.00043402777777777781
10 20 1.7361111111111118e-05
13 20 0.0063194444444444435
14 20 0.018055555555555557
15 20 0.011284722222222215
16 20 0.00045138888888888892
19 20 0.016041666666666669
20 20 0.045833333333333337
21 20 0.028645833333333343
22 20 0.0011458333333333336
25 20 0.0060763888888888899
26 20 0.017361111111111112
27 20 0.010850694444444442
28 20 0.00043402777777777792
31 20 0.00048611111111111142
32 20 0.0013888888888888905
33 20 0.00086805555555555583
34 20 3.4722222222222256e-05
7 21 3.4722222222222236e-05
8 21 0.00043402777777777781
9 21 0.0011458333333333333
10 21 0.00045138888888888887
11 21 1.7361111111111118e-05
13 21 0.00090277777777777784
14 21 0.011284722222222215
15 21 0.029791666666666657
16 21 0.011736111111111105
17 21 0.00045138888888888881
19 21 0.0022916666666666671
20 21 0.028645833333333343
21 21 0.075625000000000026
22 21 0.029791666666666661
23 21 0.0011458333333333338
25 21 0.00086805555555555583
26 21 0.010850694444444442
27 21 0.028645833333333332
28 21 0.011284722222222225
29 21 0.00043402777777777797
31 21 6.9444444444444499e-05
32 21 0.00086805555555555583
33 21 0.0022916666666666684
34 21 0.00090277777777777795
35 21 3.4722222222222256e-05
8 22 1.7361111111111118e-05
9 22 0.00045138888888888887
10 22 0.0011458333333333336
11 22 0.00043402777777777802
12 22 3.4722222222222249e-05
14 22 0.00045138888888888892
15 22 0.011736111111111103
16 22 0.029791666666666661
17 22 0.011284722222222224
18 22 0.00090277777777777806
20 22 0.0011458333333333336
21 22 0.029791666666666661
22 22 0.075625000000000039
23 22 0.028645833333333322
24 22 0.0022916666666666684
26 22 0.00043402777777777792
27 22 0.011284722222222225
28 22 0.028645833333333329
29 22 0.010850694444444451
30 22 0.00086805555555555616
32 22 3.4722222222222256e-05
33 22 0.00090277777777777795
34 22 0.0022916666666666684
35 22 0.00086805555555555627
36 22 6.9444444444444539e-05
9 23 1.7361111111111118e-05
10 23 0.00043402777777777802
11 23 0.00069444444444444447
12 23 0.00024305555555555566
15 23 0.00045138888888888881
16 23 0.011284722222222224
17 23 0.018055555555555557
18 23 0.0063194444444444461
21 23 0.0011458333333333338
22 23 0.028645833333333322
23 23 0.045833333333333358
24 23 0.016041666666666669
27 23 0.00043402777777777797
28 23 0.010850694444444451
29 23 0.017361111111111112
30 23 0.0060763888888888899
33 23 3.4722222222222256e-05
34 23 0.00086805555555555627
35 23 0.0013888888888888896
36 23 0.00048611111111111164
10 24 3.4722222222222249e-05
11 24 0.00024305555555555566
12 24 0.00041666666666666642
16 24 0.00090277777777777806
17 24 0.0063194444444444461
18 24 0.010833333333333322
22 24 0.0022916666666666684
23 24 0.016041666666666669
24 24 0.027499999999999979
28 24 0.00086805555555555616
29 24 0.0060763888888888899
30 24 0.010416666666666659
34 24 6.9444444444444539e-05
35 24 0.00048611111111111169
36 24 0.00083333333333333317
13 25 0.00041666666666666658
14 25 0.00024305555555555558
15 25 3.4722222222222236e-05
19 25 0.010416666666666666
20 25 0.0060763888888888899
21 25 0.00086805555555555583
25 25 0.016666666666666666
26 25 0.0097222222222222224
27 25 0.0013888888888888892
31 25 0.0058333333333333327
32 25 0.003402777777777778
33 25 0.00048611111111111131
13 26 0.00024305555555555558
14 26 0.0006944444444444449
15 26 0.0004340277777777777
16 26 1.7361111111111118e-05
19 26 0.0060763888888888899
20 26 0.017361111111111112
21 26 0.010850694444444442
22 26 0.00043402777777777792
25 26 0.0097222222222222224
26 26 0.02777777777777778
27 26 0.017361111111111115
28 26 0.00069444444444444458
31 26 0.003402777777777778
32 26 0.0097222222222222293
33 26 0.0060763888888888907
34 26 0.00024305555555555566
13 27 3.4722222222222236e-05
14 27 0.0004340277777777777
15 27 0.0011458333333333336
16 27 0.00045138888888888876
17 27 1.7361111111111118e-05
19 27 0.00086805555555555583
20 27 0.010850694444444442
21 27 0.028645833333333339
22 27 0.011284722222222225
23 27 0.00043402777777777797
25 27 0.0013888888888888892
26 27 0.017361111111111119
27 27 0.045833333333333358
28 27 0.018055555555555557
29 27 0.00069444444444444447
31 27 0.00048611111111111131
32 27 0.0060763888888888907
33 27 0.016041666666666662
34 27 0.0063194444444444452
35 27 0.00024305555555555568
14 28 1.7361111111111118e-05
15 28 0.00045138888888888876
16 28 0.0011458333333333336
17 28 0.00043402777777777808
18 28 3.4722222222222256e-05
20 28 0.00043402777777777792
21 28 0.011284722222222225
22 28 0.028645833333333336
23 28 0.010850694444444451
24 28 0.00086805555555555616
26 28 0.00069444444444444458
27 28 0.018055555555555557
28 28 0.045833333333333351
29 28 0.017361111111111115
30 28 0.0013888888888888898
32 28 0.00024305555555555566
33 28 0.0063194444444444452
34 28 0.016041666666666666
35 28 0.0060763888888888907
36 28 0.00048611111111111153
15 29 1.7361111111111118e-05
16 29 0.00043402777777777808
17 29 0.00069444444444444447
18 29 0.00024305555555555571
21 29 0.00043402777777777797
22 29 0.010850694444444451
23 29 0.017361111111111112
24 29 0.0060763888888888899
27 29 0.00069444444444444458
28 29 0.017361111111111112
29 29 0.027777777777777787
30 29 0.0097222222222222258
33 29 0.00024305555555555571
34 29 0.0060763888888888907
35 29 0.0097222222222222224
36 29 0.0034027777777777797
16 30 3.4722222222222256e-05
17 30 0.00024305555555555571
18 30 0.00041666666666666637
22 30 0.00086805555555555616
23 30 0.0060763888888888899
24 30 0.010416666666666657
28 30 0.0013888888888888898
29 30 0.0097222222222222258
30 30 0.016666666666666656
34 30 0.00048611111111111159
35 30 0.0034027777777777797
36 30 0.005833333333333331
19 31 0.0008333333333333336
20 31 0.00048611111111111142
21 31 6.9444444444444512e-05
25 31 0.0058333333333333327
26 31 0.003402777777777778
27 31 0.00048611111111111131
31 31 0.0099999999999999915
32 31 0.0058333333333333284
33 31 0.00083333333333333295
19 32 0.00048611111111111142
20 32 0.0013888888888888907
21 32 0.00086805555555555583
22 32 3.4722222222222256e-05
25 32 0.003402777777777778
26 32 0.0097222222222222293
27 32 0.0060763888888888907
28 32 0.00024305555555555566
31 32 0.0058333333333333284
32 32 0.016666666666666656
33 32 0.010416666666666656
34 32 0.00041666666666666648
19 33 6.9444444444444499e-05
20 33 0.00086805555555555583
21 33 0.0022916666666666684
22 33 0.00090277777777777795
23 33 3.4722222222222256e-05
25 33 0.00048611111111111131
26 33 0.0060763888888888907
27 33 0.016041666666666662
28 33 0.0063194444444444452
29 33 0.00024305555555555571
31 33 0.00083333333333333295
32 33 0.010416666666666656
33 33 0.027499999999999979
34 33 0.010833333333333322
35 33 0.00041666666666666642
20 34 3.4722222222222256e-05
21 34 0.00090277777777777795
22 34 0.0022916666666666684
23 34 0.00086805555555555627
24 34 6.9444444444444539e-05
26 34 0.00024305555555555566
27 34 0.0063194444444444452
28 34 0.016041666666666666
29 34 0.0060763888888888907
30 34 0.00048611111111111153
32 34 0.00041666666666666648
33 34 0.010833333333333322
34 34 0.027499999999999983
35 34 0.010416666666666661
36 34 0.00083333333333333328
21 35 3.4722222222222256e-05
22 35 0.00086805555555555627
23 35 0.0013888888888888896
24 35 0.00048611111111111159
27 35 0.00024305555555555571
28 35 0.0060763888888888907
29 35 0.0097222222222222224
30 35 0.0034027777777777806
33 35 0.00041666666666666642
34 35 0.010416666666666661
35 35 0.016666666666666659
36 35 0.005833333333333331
22 36 6.9444444444444539e-05
23 36 0.00048611111111111164
24 36 0.00083333333333333317
28 36 0.00048611111111111153
29 36 0.0034027777777777806
30 36 0.005833333333333331
34 36 0.00083333333333333328
35 36 0.005833333333333331
36 36 0.0099999999999999846


