# Created by Octave 5.2.0, Wed Nov 03 12:59:17 2021 CET <omen@omen-linux>
# name: ans
# type: sparse matrix
# nnz: 14161
# rows: 625
# columns: 625
1 1 0.00030245746691871448
2 1 0.00017643352236925002
3 1 2.5204788909892868e-05
26 1 0.00017643352236925013
27 1 0.0001029195547153959
28 1 1.4702793530770845e-05
51 1 2.5204788909892865e-05
52 1 1.4702793530770845e-05
53 1 2.1003990758244061e-06
1 2 0.00017643352236925002
2 2 0.00050409577819785758
3 2 0.00031505986137366068
4 2 1.2602394454946434e-05
26 2 0.0001029195547153959
27 2 0.00029405587061541688
28 2 0.0001837849191346355
29 2 7.3513967653854225e-06
51 2 1.4702793530770845e-05
52 2 4.2007981516488128e-05
53 2 2.6254988447805078e-05
54 2 1.0501995379122029e-06
1 3 2.5204788909892868e-05
2 3 0.00031505986137366068
3 3 0.00083175803402646474
4 3 0.00032766225582860715
5 3 1.2602394454946441e-05
26 3 1.4702793530770845e-05
27 3 0.0001837849191346355
28 3 0.00048519218651543782
29 3 0.00019113631590002099
30 3 7.3513967653854267e-06
51 3 2.1003990758244061e-06
52 3 2.6254988447805078e-05
53 3 6.9313169502205354e-05
54 3 2.7305187985717288e-05
55 3 1.0501995379122041e-06
2 4 1.2602394454946436e-05
3 4 0.00032766225582860715
4 4 0.00083175803402646496
5 4 0.0003276622558286071
6 4 1.2602394454946439e-05
27 4 7.3513967653854225e-06
28 4 0.00019113631590002099
29 4 0.00048519218651543804
30 4 0.00019113631590002094
31 4 7.3513967653854259e-06
52 4 1.0501995379122031e-06
53 4 2.7305187985717288e-05
54 4 6.9313169502205354e-05
55 4 2.7305187985717284e-05
56 4 1.0501995379122039e-06
3 5 1.2602394454946441e-05
4 5 0.0003276622558286071
5 5 0.00083175803402646474
6 5 0.00032766225582860726
7 5 1.2602394454946439e-05
28 5 7.3513967653854267e-06
29 5 0.00019113631590002094
30 5 0.00048519218651543798
31 5 0.00019113631590002102
32 5 7.3513967653854259e-06
53 5 1.0501995379122041e-06
54 5 2.7305187985717284e-05
55 5 6.9313169502205341e-05
56 5 2.7305187985717291e-05
57 5 1.0501995379122039e-06
4 6 1.2602394454946439e-05
5 6 0.00032766225582860726
6 6 0.00083175803402646474
7 6 0.00032766225582860715
8 6 1.2602394454946434e-05
29 6 7.3513967653854259e-06
30 6 0.00019113631590002102
31 6 0.00048519218651543793
32 6 0.00019113631590002091
33 6 7.3513967653854242e-06
54 6 1.0501995379122039e-06
55 6 2.7305187985717291e-05
56 6 6.9313169502205341e-05
57 6 2.7305187985717284e-05
58 6 1.0501995379122037e-06
5 7 1.2602394454946439e-05
6 7 0.00032766225582860715
7 7 0.00083175803402646485
8 7 0.00032766225582860726
9 7 1.2602394454946461e-05
30 7 7.3513967653854259e-06
31 7 0.00019113631590002091
32 7 0.00048519218651543804
33 7 0.00019113631590002099
34 7 7.3513967653854377e-06
55 7 1.0501995379122039e-06
56 7 2.7305187985717284e-05
57 7 6.9313169502205368e-05
58 7 2.7305187985717298e-05
59 7 1.0501995379122054e-06
6 8 1.2602394454946434e-05
7 8 0.00032766225582860726
8 8 0.00083175803402646474
9 8 0.00032766225582860732
10 8 1.2602394454946424e-05
31 8 7.3513967653854242e-06
32 8 0.00019113631590002102
33 8 0.00048519218651543782
34 8 0.00019113631590002107
35 8 7.3513967653854157e-06
56 8 1.0501995379122037e-06
57 8 2.7305187985717298e-05
58 8 6.9313169502205368e-05
59 8 2.7305187985717298e-05
60 8 1.0501995379122026e-06
7 9 1.2602394454946461e-05
8 9 0.00032766225582860732
9 9 0.00083175803402646539
10 9 0.00032766225582860737
11 9 1.2602394454946465e-05
32 9 7.3513967653854377e-06
33 9 0.00019113631590002107
34 9 0.00048519218651543831
35 9 0.00019113631590002102
36 9 7.3513967653854394e-06
57 9 1.0501995379122054e-06
58 9 2.7305187985717298e-05
59 9 6.9313169502205436e-05
60 9 2.7305187985717298e-05
61 9 1.0501995379122058e-06
8 10 1.2602394454946424e-05
9 10 0.00032766225582860737
10 10 0.00083175803402646463
11 10 0.00032766225582860715
12 10 1.2602394454946419e-05
33 10 7.3513967653854157e-06
34 10 0.00019113631590002102
35 10 0.00048519218651543782
36 10 0.00019113631590002097
37 10 7.351396765385414e-06
58 10 1.0501995379122026e-06
59 10 2.7305187985717298e-05
60 10 6.9313169502205354e-05
61 10 2.7305187985717284e-05
62 10 1.0501995379122022e-06
9 11 1.2602394454946465e-05
10 11 0.00032766225582860715
11 11 0.00083175803402646517
12 11 0.00032766225582860715
13 11 1.2602394454946465e-05
34 11 7.3513967653854394e-06
35 11 0.00019113631590002097
36 11 0.00048519218651543814
37 11 0.00019113631590002097
38 11 7.3513967653854394e-06
59 11 1.0501995379122058e-06
60 11 2.7305187985717284e-05
61 11 6.9313169502205408e-05
62 11 2.7305187985717291e-05
63 11 1.0501995379122056e-06
10 12 1.2602394454946419e-05
11 12 0.00032766225582860715
12 12 0.00083175803402646474
13 12 0.00032766225582860726
14 12 1.2602394454946422e-05
35 12 7.351396765385414e-06
36 12 0.00019113631590002097
37 12 0.00048519218651543787
38 12 0.00019113631590002107
39 12 7.3513967653854149e-06
60 12 1.0501995379122022e-06
61 12 2.7305187985717291e-05
62 12 6.9313169502205341e-05
63 12 2.7305187985717298e-05
64 12 1.0501995379122022e-06
11 13 1.2602394454946465e-05
12 13 0.00032766225582860732
13 13 0.00083175803402646452
14 13 0.00032766225582860705
15 13 1.2602394454946422e-05
36 13 7.3513967653854394e-06
37 13 0.00019113631590002107
38 13 0.0004851921865154376
39 13 0.00019113631590002091
40 13 7.3513967653854166e-06
61 13 1.0501995379122056e-06
62 13 2.7305187985717298e-05
63 13 6.9313169502205341e-05
64 13 2.7305187985717281e-05
65 13 1.0501995379122024e-06
12 14 1.2602394454946422e-05
13 14 0.00032766225582860705
14 14 0.00083175803402646582
15 14 0.0003276622558286077
16 14 1.2602394454946471e-05
37 14 7.3513967653854157e-06
38 14 0.00019113631590002091
39 14 0.00048519218651543863
40 14 0.00019113631590002118
41 14 7.3513967653854462e-06
62 14 1.0501995379122022e-06
63 14 2.7305187985717281e-05
64 14 6.9313169502205503e-05
65 14 2.7305187985717328e-05
66 14 1.0501995379122065e-06
13 15 1.2602394454946422e-05
14 15 0.00032766225582860775
15 15 0.00083175803402646355
16 15 0.00032766225582860705
17 15 1.2602394454946392e-05
38 15 7.3513967653854166e-06
39 15 0.00019113631590002116
40 15 0.00048519218651543722
41 15 0.00019113631590002091
42 15 7.3513967653853954e-06
63 15 1.0501995379122024e-06
64 15 2.7305187985717328e-05
65 15 6.9313169502205273e-05
66 15 2.7305187985717291e-05
67 15 1.0501995379121997e-06
14 16 1.2602394454946475e-05
15 16 0.00032766225582860705
16 16 0.00083175803402646571
17 16 0.00032766225582860742
18 16 1.2602394454946431e-05
39 16 7.3513967653854462e-06
40 16 0.00019113631590002091
41 16 0.00048519218651543836
42 16 0.0001911363159000211
43 16 7.3513967653854216e-06
64 16 1.0501995379122065e-06
65 16 2.7305187985717291e-05
66 16 6.9313169502205408e-05
67 16 2.7305187985717301e-05
68 16 1.0501995379122033e-06
15 17 1.260239445494639e-05
16 17 0.00032766225582860737
17 17 0.00083175803402646452
18 17 0.00032766225582860705
19 17 1.2602394454946422e-05
40 17 7.3513967653853954e-06
41 17 0.0001911363159000211
42 17 0.0004851921865154376
43 17 0.00019113631590002091
44 17 7.3513967653854166e-06
65 17 1.0501995379121997e-06
66 17 2.7305187985717301e-05
67 17 6.9313169502205341e-05
68 17 2.7305187985717281e-05
69 17 1.0501995379122024e-06
16 18 1.2602394454946431e-05
17 18 0.00032766225582860705
18 18 0.00083175803402646571
19 18 0.00032766225582860721
20 18 1.260239445494648e-05
41 18 7.3513967653854225e-06
42 18 0.00019113631590002091
43 18 0.00048519218651543852
44 18 0.00019113631590002097
45 18 7.3513967653854513e-06
66 18 1.0501995379122033e-06
67 18 2.7305187985717281e-05
68 18 6.9313169502205463e-05
69 18 2.7305187985717298e-05
70 18 1.0501995379122073e-06
17 19 1.2602394454946422e-05
18 19 0.00032766225582860732
19 19 0.00083175803402646452
20 19 0.00032766225582860764
21 19 1.2602394454946414e-05
42 19 7.3513967653854166e-06
43 19 0.00019113631590002094
44 19 0.00048519218651543771
45 19 0.00019113631590002124
46 19 7.3513967653854115e-06
67 19 1.0501995379122024e-06
68 19 2.7305187985717298e-05
69 19 6.9313169502205327e-05
70 19 2.7305187985717328e-05
71 19 1.0501995379122016e-06
18 20 1.2602394454946483e-05
19 20 0.00032766225582860764
20 20 0.00083175803402646496
21 20 0.0003276622558286071
22 20 1.2602394454946439e-05
43 20 7.3513967653854513e-06
44 20 0.00019113631590002124
45 20 0.00048519218651543804
46 20 0.00019113631590002094
47 20 7.3513967653854267e-06
68 20 1.0501995379122073e-06
69 20 2.7305187985717328e-05
70 20 6.9313169502205395e-05
71 20 2.7305187985717284e-05
72 20 1.0501995379122041e-06
19 21 1.2602394454946414e-05
20 21 0.00032766225582860705
21 21 0.00083175803402646485
22 21 0.00032766225582860699
23 21 1.2602394454946422e-05
44 21 7.3513967653854115e-06
45 21 0.00019113631590002094
46 21 0.00048519218651543787
47 21 0.00019113631590002086
48 21 7.3513967653854166e-06
69 21 1.0501995379122016e-06
70 21 2.7305187985717284e-05
71 21 6.9313169502205354e-05
72 21 2.7305187985717277e-05
73 21 1.0501995379122024e-06
20 22 1.2602394454946439e-05
21 22 0.00032766225582860699
22 22 0.00083175803402646539
23 22 0.0003276622558286077
24 22 1.260239445494648e-05
45 22 7.3513967653854276e-06
46 22 0.00019113631590002086
47 22 0.00048519218651543841
48 22 0.00019113631590002118
49 22 7.3513967653854513e-06
70 22 1.0501995379122041e-06
71 22 2.7305187985717277e-05
72 22 6.9313169502205476e-05
73 22 2.7305187985717335e-05
74 22 1.0501995379122073e-06
21 23 1.2602394454946422e-05
22 23 0.00032766225582860775
23 23 0.00083175803402646474
24 23 0.00031505986137366106
25 23 2.5204788909892828e-05
46 23 7.3513967653854166e-06
47 23 0.00019113631590002116
48 23 0.00048519218651543798
49 23 0.00018378491913463558
50 23 1.4702793530770823e-05
71 23 1.0501995379122024e-06
72 23 2.7305187985717335e-05
73 23 6.9313169502205368e-05
74 23 2.6254988447805081e-05
75 23 2.1003990758244036e-06
22 24 1.2602394454946483e-05
23 24 0.00031505986137366106
24 24 0.00050409577819785726
25 24 0.00017643352236925051
47 24 7.3513967653854513e-06
48 24 0.00018378491913463558
49 24 0.00029405587061541693
50 24 0.00010291955471539617
72 24 1.0501995379122073e-06
73 24 2.6254988447805081e-05
74 24 4.2007981516488107e-05
75 24 1.4702793530770881e-05
23 25 2.5204788909892828e-05
24 25 0.00017643352236925051
25 25 0.00030245746691871307
48 25 1.4702793530770823e-05
49 25 0.00010291955471539618
50 25 0.00017643352236924932
73 25 2.1003990758244036e-06
74 25 1.4702793530770881e-05
75 25 2.5204788909892767e-05
1 26 0.00017643352236925013
2 26 0.0001029195547153959
3 26 1.4702793530770845e-05
26 26 0.00050409577819785748
27 26 0.00029405587061541688
28 26 4.2007981516488128e-05
51 26 0.00031505986137366073
52 26 0.0001837849191346355
53 26 2.6254988447805078e-05
76 26 1.2602394454946434e-05
77 26 7.3513967653854216e-06
78 26 1.0501995379122031e-06
1 27 0.0001029195547153959
2 27 0.00029405587061541693
3 27 0.0001837849191346355
4 27 7.3513967653854225e-06
26 27 0.00029405587061541699
27 27 0.00084015963032976271
28 27 0.0005250997689561016
29 27 2.1003990758244064e-05
51 27 0.0001837849191346355
52 27 0.00052509976895610171
53 27 0.00032818735559756373
54 27 1.3127494223902542e-05
76 27 7.3513967653854225e-06
77 27 2.1003990758244067e-05
78 27 1.3127494223902541e-05
79 27 5.2509976895610153e-07
1 28 1.4702793530770845e-05
2 28 0.0001837849191346355
3 28 0.00048519218651543787
4 28 0.00019113631590002099
5 28 7.3513967653854267e-06
26 28 4.2007981516488128e-05
27 28 0.0005250997689561016
28 28 0.0013862633900441081
29 28 0.00054610375971434594
30 28 2.1003990758244077e-05
51 28 2.6254988447805078e-05
52 28 0.00032818735559756373
53 28 0.00086641461877756784
54 28 0.0003413148498214663
55 28 1.3127494223902547e-05
76 28 1.0501995379122031e-06
77 28 1.3127494223902541e-05
78 28 3.465658475110267e-05
79 28 1.3652593992858647e-05
80 28 5.2509976895610206e-07
2 29 7.3513967653854225e-06
3 29 0.00019113631590002099
4 29 0.00048519218651543809
5 29 0.00019113631590002094
6 29 7.3513967653854259e-06
27 29 2.1003990758244064e-05
28 29 0.00054610375971434594
29 29 0.0013862633900441083
30 29 0.00054610375971434573
31 29 2.1003990758244074e-05
52 29 1.3127494223902541e-05
53 29 0.0003413148498214663
54 29 0.00086641461877756795
55 29 0.00034131484982146602
56 29 1.3127494223902546e-05
77 29 5.2509976895610153e-07
78 29 1.3652593992858647e-05
79 29 3.4656584751102677e-05
80 29 1.3652593992858644e-05
81 29 5.2509976895610206e-07
3 30 7.3513967653854267e-06
4 30 0.00019113631590002094
5 30 0.00048519218651543804
6 30 0.00019113631590002102
7 30 7.3513967653854259e-06
28 30 2.1003990758244077e-05
29 30 0.00054610375971434573
30 30 0.0013862633900441083
31 30 0.00054610375971434594
32 30 2.1003990758244074e-05
53 30 1.3127494223902546e-05
54 30 0.00034131484982146602
55 30 0.00086641461877756784
56 30 0.0003413148498214663
57 30 1.3127494223902546e-05
78 30 5.2509976895610206e-07
79 30 1.3652593992858644e-05
80 30 3.465658475110267e-05
81 30 1.3652593992858651e-05
82 30 5.2509976895610206e-07
4 31 7.3513967653854259e-06
5 31 0.00019113631590002102
6 31 0.00048519218651543798
7 31 0.00019113631590002091
8 31 7.3513967653854225e-06
29 31 2.1003990758244074e-05
30 31 0.00054610375971434594
31 31 0.0013862633900441083
32 31 0.00054610375971434562
33 31 2.1003990758244064e-05
54 31 1.3127494223902544e-05
55 31 0.0003413148498214663
56 31 0.00086641461877756773
57 31 0.00034131484982146597
58 31 1.3127494223902537e-05
79 31 5.2509976895610206e-07
80 31 1.3652593992858651e-05
81 31 3.465658475110267e-05
82 31 1.365259399285864e-05
83 31 5.2509976895610185e-07
5 32 7.3513967653854259e-06
6 32 0.00019113631590002091
7 32 0.00048519218651543804
8 32 0.00019113631590002102
9 32 7.3513967653854377e-06
30 32 2.1003990758244074e-05
31 32 0.00054610375971434562
32 32 0.0013862633900441083
33 32 0.00054610375971434583
34 32 2.1003990758244108e-05
55 32 1.3127494223902544e-05
56 32 0.00034131484982146597
57 32 0.00086641461877756784
58 32 0.00034131484982146608
59 32 1.3127494223902564e-05
80 32 5.2509976895610206e-07
81 32 1.365259399285864e-05
82 32 3.4656584751102684e-05
83 32 1.3652593992858646e-05
84 32 5.250997689561028e-07
6 33 7.3513967653854216e-06
7 33 0.00019113631590002102
8 33 0.00048519218651543793
9 33 0.00019113631590002107
10 33 7.3513967653854157e-06
31 33 2.1003990758244064e-05
32 33 0.00054610375971434583
33 33 0.0013862633900441083
34 33 0.00054610375971434616
35 33 2.1003990758244047e-05
56 33 1.3127494223902541e-05
57 33 0.00034131484982146608
58 33 0.00086641461877756784
59 33 0.00034131484982146613
60 33 1.3127494223902529e-05
81 33 5.2509976895610185e-07
82 33 1.3652593992858646e-05
83 33 3.4656584751102677e-05
84 33 1.3652593992858651e-05
85 33 5.2509976895610132e-07
7 34 7.3513967653854377e-06
8 34 0.00019113631590002107
9 34 0.00048519218651543831
10 34 0.00019113631590002105
11 34 7.3513967653854394e-06
32 34 2.1003990758244108e-05
33 34 0.00054610375971434616
34 34 0.0013862633900441092
35 34 0.00054610375971434573
36 34 2.1003990758244115e-05
57 34 1.3127494223902563e-05
58 34 0.00034131484982146613
59 34 0.00086641461877756849
60 34 0.00034131484982146624
61 34 1.3127494223902566e-05
82 34 5.250997689561028e-07
83 34 1.3652593992858651e-05
84 34 3.4656584751102718e-05
85 34 1.3652593992858649e-05
86 34 5.2509976895610291e-07
8 35 7.3513967653854157e-06
9 35 0.00019113631590002102
10 35 0.00048519218651543793
11 35 0.00019113631590002097
12 35 7.351396765385414e-06
33 35 2.1003990758244047e-05
34 35 0.00054610375971434573
35 35 0.0013862633900441085
36 35 0.00054610375971434573
37 35 2.1003990758244037e-05
58 35 1.3127494223902527e-05
59 35 0.00034131484982146624
60 35 0.00086641461877756763
61 35 0.00034131484982146602
62 35 1.3127494223902525e-05
83 35 5.2509976895610132e-07
84 35 1.3652593992858649e-05
85 35 3.4656584751102677e-05
86 35 1.365259399285864e-05
87 35 5.2509976895610111e-07
9 36 7.3513967653854394e-06
10 36 0.00019113631590002097
11 36 0.00048519218651543814
12 36 0.00019113631590002097
13 36 7.3513967653854394e-06
34 36 2.1003990758244115e-05
35 36 0.00054610375971434573
36 36 0.0013862633900441088
37 36 0.00054610375971434551
38 36 2.1003990758244111e-05
59 36 1.3127494223902566e-05
60 36 0.00034131484982146602
61 36 0.00086641461877756795
62 36 0.00034131484982146592
63 36 1.3127494223902571e-05
84 36 5.2509976895610291e-07
85 36 1.365259399285864e-05
86 36 3.4656584751102704e-05
87 36 1.3652593992858644e-05
88 36 5.250997689561028e-07
10 37 7.351396765385414e-06
11 37 0.00019113631590002097
12 37 0.00048519218651543787
13 37 0.00019113631590002107
14 37 7.3513967653854157e-06
35 37 2.1003990758244037e-05
36 37 0.00054610375971434551
37 37 0.0013862633900441085
38 37 0.00054610375971434605
39 37 2.100399075824405e-05
60 37 1.3127494223902525e-05
61 37 0.00034131484982146592
62 37 0.00086641461877756763
63 37 0.00034131484982146624
64 37 1.3127494223902527e-05
85 37 5.2509976895610111e-07
86 37 1.3652593992858644e-05
87 37 3.465658475110267e-05
88 37 1.3652593992858651e-05
89 37 5.2509976895610121e-07
11 38 7.3513967653854394e-06
12 38 0.00019113631590002107
13 38 0.0004851921865154376
14 38 0.00019113631590002091
15 38 7.3513967653854166e-06
36 38 2.1003990758244111e-05
37 38 0.00054610375971434605
38 38 0.0013862633900441079
39 38 0.00054610375971434562
40 38 2.1003990758244047e-05
61 38 1.3127494223902571e-05
62 38 0.00034131484982146624
63 38 0.0008664146187775673
64 38 0.00034131484982146613
65 38 1.3127494223902531e-05
86 38 5.250997689561028e-07
87 38 1.3652593992858651e-05
88 38 3.4656584751102657e-05
89 38 1.3652593992858644e-05
90 38 5.2509976895610121e-07
12 39 7.3513967653854157e-06
13 39 0.00019113631590002091
14 39 0.00048519218651543858
15 39 0.00019113631590002118
16 39 7.3513967653854462e-06
37 39 2.100399075824405e-05
38 39 0.00054610375971434562
39 39 0.0013862633900441105
40 39 0.00054610375971434648
41 39 2.1003990758244135e-05
62 39 1.3127494223902527e-05
63 39 0.00034131484982146613
64 39 0.00086641461877756914
65 39 0.00034131484982146668
66 39 1.3127494223902581e-05
87 39 5.2509976895610121e-07
88 39 1.3652593992858644e-05
89 39 3.4656584751102758e-05
90 39 1.3652593992858664e-05
91 39 5.2509976895610323e-07
13 40 7.3513967653854166e-06
14 40 0.00019113631590002118
15 40 0.00048519218651543722
16 40 0.00019113631590002091
17 40 7.3513967653853971e-06
38 40 2.1003990758244047e-05
39 40 0.00054610375971434648
40 40 0.0013862633900441068
41 40 0.00054610375971434562
42 40 2.1003990758243986e-05
63 40 1.3127494223902531e-05
64 40 0.00034131484982146668
65 40 0.00086641461877756654
66 40 0.00034131484982146592
67 40 1.3127494223902493e-05
88 40 5.2509976895610121e-07
89 40 1.3652593992858661e-05
90 40 3.4656584751102636e-05
91 40 1.3652593992858642e-05
92 40 5.2509976895609984e-07
14 41 7.3513967653854462e-06
15 41 0.00019113631590002094
16 41 0.00048519218651543831
17 41 0.0001911363159000211
18 41 7.3513967653854216e-06
39 41 2.1003990758244135e-05
40 41 0.00054610375971434573
41 41 0.0013862633900441098
42 41 0.00054610375971434616
43 41 2.1003990758244071e-05
64 41 1.3127494223902581e-05
65 41 0.00034131484982146592
66 41 0.00086641461877756849
67 41 0.00034131484982146619
68 41 1.3127494223902534e-05
89 41 5.2509976895610333e-07
90 41 1.3652593992858642e-05
91 41 3.4656584751102711e-05
92 41 1.3652593992858652e-05
93 41 5.2509976895610164e-07
15 42 7.3513967653853971e-06
16 42 0.0001911363159000211
17 42 0.0004851921865154376
18 42 0.00019113631590002091
19 42 7.3513967653854166e-06
40 42 2.1003990758243986e-05
41 42 0.00054610375971434616
42 42 0.0013862633900441079
43 42 0.00054610375971434562
44 42 2.1003990758244047e-05
65 42 1.3127494223902493e-05
66 42 0.00034131484982146619
67 42 0.0008664146187775673
68 42 0.00034131484982146613
69 42 1.3127494223902531e-05
90 42 5.2509976895609994e-07
91 42 1.3652593992858652e-05
92 42 3.4656584751102657e-05
93 42 1.3652593992858644e-05
94 42 5.2509976895610121e-07
16 43 7.3513967653854216e-06
17 43 0.00019113631590002091
18 43 0.00048519218651543847
19 43 0.00019113631590002097
20 43 7.3513967653854513e-06
41 43 2.1003990758244064e-05
42 43 0.00054610375971434562
43 43 0.0013862633900441101
44 43 0.00054610375971434583
45 43 2.1003990758244145e-05
66 43 1.3127494223902536e-05
67 43 0.00034131484982146613
68 43 0.00086641461877756882
69 43 0.00034131484982146619
70 43 1.3127494223902595e-05
91 43 5.2509976895610164e-07
92 43 1.3652593992858644e-05
93 43 3.4656584751102738e-05
94 43 1.3652593992858651e-05
95 43 5.2509976895610365e-07
17 44 7.3513967653854166e-06
18 44 0.00019113631590002097
19 44 0.00048519218651543776
20 44 0.00019113631590002124
21 44 7.3513967653854115e-06
42 44 2.1003990758244047e-05
43 44 0.00054610375971434583
44 44 0.0013862633900441081
45 44 0.00054610375971434659
46 44 2.1003990758244033e-05
67 44 1.3127494223902531e-05
68 44 0.00034131484982146619
69 44 0.00086641461877756741
70 44 0.00034131484982146651
71 44 1.3127494223902517e-05
92 44 5.2509976895610121e-07
93 44 1.3652593992858649e-05
94 44 3.4656584751102664e-05
95 44 1.3652593992858662e-05
96 44 5.2509976895610079e-07
18 45 7.3513967653854513e-06
19 45 0.00019113631590002126
20 45 0.00048519218651543793
21 45 0.00019113631590002094
22 45 7.3513967653854267e-06
43 45 2.1003990758244145e-05
44 45 0.00054610375971434659
45 45 0.0013862633900441088
46 45 0.00054610375971434562
47 45 2.1003990758244081e-05
68 45 1.3127494223902595e-05
69 45 0.00034131484982146651
70 45 0.00086641461877756806
71 45 0.00034131484982146597
72 45 1.3127494223902547e-05
93 45 5.2509976895610375e-07
94 45 1.3652593992858662e-05
95 45 3.4656584751102691e-05
96 45 1.3652593992858644e-05
97 45 5.2509976895610206e-07
19 46 7.3513967653854115e-06
20 46 0.00019113631590002094
21 46 0.00048519218651543787
22 46 0.00019113631590002086
23 46 7.3513967653854166e-06
44 46 2.1003990758244033e-05
45 46 0.00054610375971434562
46 46 0.0013862633900441085
47 46 0.00054610375971434551
48 46 2.1003990758244047e-05
69 46 1.3127494223902517e-05
70 46 0.00034131484982146597
71 46 0.00086641461877756773
72 46 0.00034131484982146602
73 46 1.3127494223902531e-05
94 46 5.2509976895610079e-07
95 46 1.3652593992858644e-05
96 46 3.465658475110267e-05
97 46 1.365259399285864e-05
98 46 5.2509976895610121e-07
20 47 7.3513967653854267e-06
21 47 0.00019113631590002086
22 47 0.00048519218651543836
23 47 0.00019113631590002118
24 47 7.3513967653854513e-06
45 47 2.1003990758244074e-05
46 47 0.00054610375971434551
47 47 0.0013862633900441098
48 47 0.00054610375971434648
49 47 2.1003990758244145e-05
70 47 1.3127494223902549e-05
71 47 0.00034131484982146602
72 47 0.00086641461877756871
73 47 0.00034131484982146668
74 47 1.3127494223902595e-05
95 47 5.2509976895610206e-07
96 47 1.365259399285864e-05
97 47 3.4656584751102738e-05
98 47 1.3652593992858668e-05
99 47 5.2509976895610365e-07
21 48 7.3513967653854166e-06
22 48 0.00019113631590002118
23 48 0.00048519218651543798
24 48 0.00018378491913463555
25 48 1.4702793530770823e-05
46 48 2.1003990758244047e-05
47 48 0.00054610375971434648
48 48 0.0013862633900441088
49 48 0.00052509976895610171
50 48 4.2007981516488067e-05
71 48 1.3127494223902531e-05
72 48 0.00034131484982146668
73 48 0.00086641461877756784
74 48 0.00032818735559756346
75 48 2.6254988447805041e-05
96 48 5.2509976895610121e-07
97 48 1.3652593992858664e-05
98 48 3.4656584751102684e-05
99 48 1.3127494223902544e-05
100 48 1.0501995379122016e-06
22 49 7.3513967653854513e-06
23 49 0.00018378491913463558
24 49 0.00029405587061541693
25 49 0.00010291955471539617
47 49 2.1003990758244145e-05
48 49 0.00052509976895610171
49 49 0.00084015963032976282
50 49 0.00029405587061541753
72 49 1.3127494223902595e-05
73 49 0.00032818735559756346
74 49 0.0005250997689561016
75 49 0.00018378491913463598
97 49 5.2509976895610375e-07
98 49 1.3127494223902544e-05
99 49 2.1003990758244054e-05
100 49 7.3513967653854411e-06
23 50 1.4702793530770823e-05
24 50 0.00010291955471539617
25 50 0.00017643352236924932
48 50 4.2007981516488073e-05
49 50 0.00029405587061541748
50 50 0.0005040957781978552
73 50 2.6254988447805041e-05
74 50 0.00018378491913463598
75 50 0.00031505986137365949
98 50 1.0501995379122016e-06
99 50 7.3513967653854411e-06
100 50 1.2602394454946382e-05
1 51 2.5204788909892865e-05
2 51 1.4702793530770843e-05
3 51 2.1003990758244061e-06
26 51 0.00031505986137366073
27 51 0.00018378491913463547
28 51 2.6254988447805078e-05
51 51 0.00083175803402646463
52 51 0.00048519218651543793
53 51 6.9313169502205354e-05
76 51 0.00032766225582860715
77 51 0.00019113631590002102
78 51 2.7305187985717284e-05
101 51 1.2602394454946438e-05
102 51 7.3513967653854259e-06
103 51 1.0501995379122039e-06
1 52 1.4702793530770843e-05
2 52 4.2007981516488128e-05
3 52 2.6254988447805078e-05
4 52 1.0501995379122029e-06
26 52 0.0001837849191346355
27 52 0.00052509976895610171
28 52 0.00032818735559756373
29 52 1.3127494223902541e-05
51 52 0.00048519218651543804
52 52 0.0013862633900441085
53 52 0.00086641461877756784
54 52 3.4656584751102677e-05
76 52 0.00019113631590002102
77 52 0.00054610375971434583
78 52 0.00034131484982146646
79 52 1.3652593992858644e-05
101 52 7.3513967653854259e-06
102 52 2.1003990758244084e-05
103 52 1.3127494223902547e-05
104 52 5.2509976895610185e-07
1 53 2.1003990758244061e-06
2 53 2.6254988447805078e-05
3 53 6.9313169502205354e-05
4 53 2.7305187985717288e-05
5 53 1.0501995379122041e-06
26 53 2.6254988447805078e-05
27 53 0.00032818735559756373
28 53 0.00086641461877756784
29 53 0.0003413148498214663
30 53 1.3127494223902546e-05
51 53 6.9313169502205354e-05
52 53 0.00086641461877756784
53 53 0.002287334593572778
54 53 0.00090107120352867051
55 53 3.4656584751102691e-05
76 53 2.7305187985717284e-05
77 53 0.0003413148498214664
78 53 0.00090107120352867073
79 53 0.00035496744381432511
80 53 1.3652593992858649e-05
101 53 1.0501995379122039e-06
102 53 1.3127494223902547e-05
103 53 3.4656584751102691e-05
104 53 1.3652593992858652e-05
105 53 5.2509976895610248e-07
2 54 1.0501995379122029e-06
3 54 2.7305187985717288e-05
4 54 6.9313169502205354e-05
5 54 2.7305187985717284e-05
6 54 1.0501995379122039e-06
27 54 1.3127494223902541e-05
28 54 0.0003413148498214663
29 54 0.00086641461877756795
30 54 0.00034131484982146597
31 54 1.3127494223902544e-05
52 54 3.4656584751102677e-05
53 54 0.00090107120352867051
54 54 0.0022873345935727784
55 54 0.00090107120352867019
56 54 3.4656584751102691e-05
77 54 1.3652593992858644e-05
78 54 0.00035496744381432511
79 54 0.00090107120352867073
80 54 0.00035496744381432484
81 54 1.3652593992858647e-05
102 54 5.2509976895610185e-07
103 54 1.3652593992858652e-05
104 54 3.4656584751102697e-05
105 54 1.3652593992858649e-05
106 54 5.2509976895610238e-07
3 55 1.0501995379122041e-06
4 55 2.7305187985717284e-05
5 55 6.9313169502205341e-05
6 55 2.7305187985717291e-05
7 55 1.0501995379122039e-06
28 55 1.3127494223902546e-05
29 55 0.00034131484982146597
30 55 0.00086641461877756784
31 55 0.0003413148498214663
32 55 1.3127494223902544e-05
53 55 3.4656584751102691e-05
54 55 0.00090107120352867019
55 55 0.0022873345935727788
56 55 0.00090107120352867051
57 55 3.4656584751102691e-05
78 55 1.3652593992858649e-05
79 55 0.00035496744381432484
80 55 0.00090107120352867051
81 55 0.00035496744381432517
82 55 1.3652593992858647e-05
103 55 5.2509976895610248e-07
104 55 1.3652593992858649e-05
105 55 3.4656584751102684e-05
106 55 1.3652593992858654e-05
107 55 5.2509976895610238e-07
4 56 1.0501995379122039e-06
5 56 2.7305187985717291e-05
6 56 6.9313169502205341e-05
7 56 2.7305187985717281e-05
8 56 1.0501995379122037e-06
29 56 1.3127494223902544e-05
30 56 0.0003413148498214663
31 56 0.00086641461877756773
32 56 0.00034131484982146597
33 56 1.3127494223902539e-05
54 56 3.4656584751102691e-05
55 56 0.00090107120352867051
56 56 0.002287334593572778
57 56 0.00090107120352867019
58 56 3.4656584751102677e-05
79 56 1.3652593992858647e-05
80 56 0.00035496744381432517
81 56 0.00090107120352867073
82 56 0.00035496744381432479
83 56 1.365259399285864e-05
104 56 5.2509976895610238e-07
105 56 1.3652593992858654e-05
106 56 3.4656584751102691e-05
107 56 1.3652593992858647e-05
108 56 5.2509976895610217e-07
5 57 1.0501995379122039e-06
6 57 2.7305187985717281e-05
7 57 6.9313169502205368e-05
8 57 2.7305187985717298e-05
9 57 1.0501995379122054e-06
30 57 1.3127494223902544e-05
31 57 0.00034131484982146597
32 57 0.00086641461877756784
33 57 0.00034131484982146608
34 57 1.3127494223902563e-05
55 57 3.4656584751102691e-05
56 57 0.00090107120352867019
57 57 0.0022873345935727788
58 57 0.0009010712035286704
59 57 3.4656584751102738e-05
80 57 1.3652593992858647e-05
81 57 0.00035496744381432479
82 57 0.00090107120352867084
83 57 0.00035496744381432495
84 57 1.3652593992858668e-05
105 57 5.2509976895610238e-07
106 57 1.3652593992858647e-05
107 57 3.4656584751102704e-05
108 57 1.3652593992858652e-05
109 57 5.2509976895610301e-07
6 58 1.0501995379122037e-06
7 58 2.7305187985717298e-05
8 58 6.9313169502205354e-05
9 58 2.7305187985717298e-05
10 58 1.0501995379122026e-06
31 58 1.3127494223902539e-05
32 58 0.00034131484982146608
33 58 0.00086641461877756763
34 58 0.00034131484982146613
35 58 1.3127494223902527e-05
56 58 3.4656584751102677e-05
57 58 0.0009010712035286704
58 58 0.0022873345935727767
59 58 0.00090107120352867073
60 58 3.465658475110265e-05
81 58 1.3652593992858644e-05
82 58 0.00035496744381432495
83 58 0.00090107120352867062
84 58 0.00035496744381432506
85 58 1.365259399285863e-05
106 58 5.2509976895610217e-07
107 58 1.3652593992858652e-05
108 58 3.4656584751102691e-05
109 58 1.3652593992858652e-05
110 58 5.2509976895610164e-07
7 59 1.0501995379122054e-06
8 59 2.7305187985717298e-05
9 59 6.9313169502205436e-05
10 59 2.7305187985717298e-05
11 59 1.0501995379122058e-06
32 59 1.3127494223902563e-05
33 59 0.00034131484982146613
34 59 0.00086641461877756849
35 59 0.00034131484982146624
36 59 1.3127494223902566e-05
57 59 3.4656584751102745e-05
58 59 0.00090107120352867073
59 59 0.002287334593572781
60 59 0.00090107120352867051
61 59 3.4656584751102745e-05
82 59 1.3652593992858668e-05
83 59 0.00035496744381432506
84 59 0.00090107120352867149
85 59 0.00035496744381432511
86 59 1.3652593992858673e-05
107 59 5.2509976895610301e-07
108 59 1.3652593992858652e-05
109 59 3.4656584751102738e-05
110 59 1.3652593992858651e-05
111 59 5.2509976895610312e-07
8 60 1.0501995379122026e-06
9 60 2.7305187985717298e-05
10 60 6.9313169502205354e-05
11 60 2.7305187985717284e-05
12 60 1.0501995379122022e-06
33 60 1.3127494223902529e-05
34 60 0.00034131484982146624
35 60 0.00086641461877756763
36 60 0.00034131484982146602
37 60 1.3127494223902524e-05
58 60 3.465658475110265e-05
59 60 0.00090107120352867051
60 60 0.0022873345935727788
61 60 0.0009010712035286703
62 60 3.4656584751102636e-05
83 60 1.365259399285863e-05
84 60 0.00035496744381432511
85 60 0.0009010712035286704
86 60 0.00035496744381432484
87 60 1.3652593992858627e-05
108 60 5.2509976895610164e-07
109 60 1.3652593992858651e-05
110 60 3.4656584751102691e-05
111 60 1.3652593992858646e-05
112 60 5.2509976895610143e-07
9 61 1.0501995379122058e-06
10 61 2.7305187985717284e-05
11 61 6.9313169502205408e-05
12 61 2.7305187985717291e-05
13 61 1.0501995379122056e-06
34 61 1.3127494223902566e-05
35 61 0.00034131484982146602
36 61 0.00086641461877756806
37 61 0.00034131484982146592
38 61 1.3127494223902571e-05
59 61 3.4656584751102745e-05
60 61 0.00090107120352867019
61 61 0.0022873345935727797
62 61 0.00090107120352866997
63 61 3.4656584751102752e-05
84 61 1.3652593992858673e-05
85 61 0.00035496744381432484
86 61 0.00090107120352867106
87 61 0.00035496744381432473
88 61 1.3652593992858671e-05
109 61 5.2509976895610312e-07
110 61 1.3652593992858646e-05
111 61 3.4656584751102725e-05
112 61 1.3652593992858651e-05
113 61 5.2509976895610301e-07
10 62 1.0501995379122022e-06
11 62 2.7305187985717291e-05
12 62 6.9313169502205341e-05
13 62 2.7305187985717298e-05
14 62 1.0501995379122022e-06
35 62 1.3127494223902525e-05
36 62 0.00034131484982146592
37 62 0.00086641461877756763
38 62 0.00034131484982146624
39 62 1.3127494223902529e-05
60 62 3.4656584751102636e-05
61 62 0.00090107120352866997
62 62 0.0022873345935727788
63 62 0.00090107120352867073
64 62 3.465658475110265e-05
85 62 1.3652593992858627e-05
86 62 0.00035496744381432473
87 62 0.0009010712035286704
88 62 0.00035496744381432506
89 62 1.3652593992858634e-05
110 62 5.2509976895610143e-07
111 62 1.3652593992858651e-05
112 62 3.4656584751102684e-05
113 62 1.3652593992858656e-05
114 62 5.2509976895610153e-07
11 63 1.0501995379122056e-06
12 63 2.7305187985717298e-05
13 63 6.9313169502205327e-05
14 63 2.7305187985717281e-05
15 63 1.0501995379122024e-06
36 63 1.3127494223902571e-05
37 63 0.00034131484982146624
38 63 0.0008664146187775673
39 63 0.00034131484982146613
40 63 1.3127494223902531e-05
61 63 3.4656584751102752e-05
62 63 0.00090107120352867062
63 63 0.0022873345935727775
64 63 0.00090107120352867019
65 63 3.4656584751102664e-05
86 63 1.3652593992858671e-05
87 63 0.00035496744381432506
88 63 0.0009010712035286703
89 63 0.00035496744381432495
90 63 1.3652593992858632e-05
111 63 5.2509976895610301e-07
112 63 1.3652593992858656e-05
113 63 3.4656584751102684e-05
114 63 1.3652593992858647e-05
115 63 5.2509976895610174e-07
12 64 1.0501995379122024e-06
13 64 2.7305187985717281e-05
14 64 6.9313169502205503e-05
15 64 2.7305187985717328e-05
16 64 1.0501995379122065e-06
37 64 1.3127494223902529e-05
38 64 0.00034131484982146613
39 64 0.00086641461877756914
40 64 0.00034131484982146668
41 64 1.312749422390258e-05
62 64 3.4656584751102643e-05
63 64 0.00090107120352867019
64 64 0.0022873345935727823
65 64 0.00090107120352867171
66 64 3.4656584751102779e-05
87 64 1.3652593992858634e-05
88 64 0.00035496744381432495
89 64 0.00090107120352867236
90 64 0.00035496744381432544
91 64 1.365259399285869e-05
112 64 5.2509976895610153e-07
113 64 1.3652593992858647e-05
114 64 3.4656584751102772e-05
115 64 1.3652593992858668e-05
116 64 5.2509976895610354e-07
13 65 1.0501995379122024e-06
14 65 2.7305187985717328e-05
15 65 6.9313169502205273e-05
16 65 2.7305187985717291e-05
17 65 1.0501995379121997e-06
38 65 1.3127494223902531e-05
39 65 0.00034131484982146668
40 65 0.00086641461877756654
41 65 0.00034131484982146592
42 65 1.3127494223902493e-05
63 65 3.4656584751102664e-05
64 65 0.0009010712035286716
65 65 0.0022873345935727741
66 65 0.0009010712035286704
67 65 3.4656584751102575e-05
88 65 1.3652593992858632e-05
89 65 0.00035496744381432544
90 65 0.00090107120352866943
91 65 0.00035496744381432473
92 65 1.3652593992858593e-05
113 65 5.2509976895610174e-07
114 65 1.3652593992858668e-05
115 65 3.4656584751102657e-05
116 65 1.3652593992858649e-05
117 65 5.2509976895610015e-07
14 66 1.0501995379122065e-06
15 66 2.7305187985717291e-05
16 66 6.9313169502205408e-05
17 66 2.7305187985717301e-05
18 66 1.0501995379122033e-06
39 66 1.3127494223902581e-05
40 66 0.00034131484982146592
41 66 0.0008664146187775686
42 66 0.0003413148498214663
43 66 1.3127494223902534e-05
64 66 3.4656584751102779e-05
65 66 0.0009010712035286704
66 66 0.002287334593572781
67 66 0.00090107120352867095
68 66 3.4656584751102664e-05
89 66 1.3652593992858691e-05
90 66 0.00035496744381432473
91 66 0.00090107120352867138
92 66 0.00035496744381432522
93 66 1.3652593992858637e-05
114 66 5.2509976895610354e-07
115 66 1.3652593992858649e-05
116 66 3.4656584751102731e-05
117 66 1.3652593992858656e-05
118 66 5.2509976895610185e-07
15 67 1.0501995379121997e-06
16 67 2.7305187985717301e-05
17 67 6.9313169502205327e-05
18 67 2.7305187985717281e-05
19 67 1.0501995379122024e-06
40 67 1.3127494223902493e-05
41 67 0.00034131484982146619
42 67 0.0008664146187775673
43 67 0.00034131484982146613
44 67 1.3127494223902531e-05
65 67 3.4656584751102575e-05
66 67 0.00090107120352867095
67 67 0.002287334593572778
68 67 0.00090107120352867019
69 67 3.4656584751102664e-05
90 67 1.3652593992858593e-05
91 67 0.00035496744381432522
92 67 0.0009010712035286703
93 67 0.00035496744381432495
94 67 1.3652593992858632e-05
115 67 5.2509976895610015e-07
116 67 1.3652593992858656e-05
117 67 3.4656584751102684e-05
118 67 1.3652593992858647e-05
119 67 5.2509976895610174e-07
16 68 1.0501995379122033e-06
17 68 2.7305187985717281e-05
18 68 6.9313169502205463e-05
19 68 2.7305187985717298e-05
20 68 1.0501995379122073e-06
41 68 1.3127494223902534e-05
42 68 0.00034131484982146613
43 68 0.00086641461877756882
44 68 0.00034131484982146619
45 68 1.3127494223902593e-05
66 68 3.4656584751102664e-05
67 68 0.00090107120352867019
68 68 0.002287334593572781
69 68 0.00090107120352867062
70 68 3.4656584751102813e-05
91 68 1.3652593992858639e-05
92 68 0.00035496744381432495
93 68 0.00090107120352867192
94 68 0.000354967443814325
95 68 1.36525939928587e-05
116 68 5.2509976895610185e-07
117 68 1.3652593992858647e-05
118 68 3.4656584751102752e-05
119 68 1.3652593992858656e-05
120 68 5.2509976895610397e-07
17 69 1.0501995379122024e-06
18 69 2.7305187985717298e-05
19 69 6.9313169502205327e-05
20 69 2.7305187985717328e-05
21 69 1.0501995379122016e-06
42 69 1.3127494223902531e-05
43 69 0.00034131484982146619
44 69 0.0008664146187775673
45 69 0.00034131484982146651
46 69 1.3127494223902517e-05
67 69 3.4656584751102664e-05
68 69 0.00090107120352867062
69 69 0.0022873345935727775
70 69 0.00090107120352867171
71 69 3.4656584751102623e-05
92 69 1.3652593992858632e-05
93 69 0.000354967443814325
94 69 0.0009010712035286703
95 69 0.00035496744381432533
96 69 1.3652593992858622e-05
117 69 5.2509976895610174e-07
118 69 1.3652593992858656e-05
119 69 3.4656584751102677e-05
120 69 1.3652593992858668e-05
121 69 5.2509976895610132e-07
18 70 1.0501995379122073e-06
19 70 2.7305187985717328e-05
20 70 6.9313169502205395e-05
21 70 2.7305187985717281e-05
22 70 1.0501995379122041e-06
43 70 1.3127494223902595e-05
44 70 0.00034131484982146651
45 70 0.00086641461877756806
46 70 0.00034131484982146597
47 70 1.3127494223902547e-05
68 70 3.4656584751102813e-05
69 70 0.00090107120352867171
70 70 0.0022873345935727793
71 70 0.00090107120352867008
72 70 3.4656584751102697e-05
93 70 1.3652593992858701e-05
94 70 0.00035496744381432533
95 70 0.00090107120352867095
96 70 0.0003549674438143249
97 70 1.3652593992858647e-05
118 70 5.2509976895610397e-07
119 70 1.3652593992858668e-05
120 70 3.4656584751102718e-05
121 70 1.3652593992858647e-05
122 70 5.2509976895610227e-07
19 71 1.0501995379122016e-06
20 71 2.7305187985717281e-05
21 71 6.9313169502205341e-05
22 71 2.7305187985717277e-05
23 71 1.0501995379122024e-06
44 71 1.3127494223902517e-05
45 71 0.00034131484982146597
46 71 0.00086641461877756773
47 71 0.00034131484982146602
48 71 1.3127494223902531e-05
69 71 3.4656584751102623e-05
70 71 0.00090107120352867008
71 71 0.0022873345935727793
72 71 0.00090107120352867019
73 71 3.4656584751102664e-05
94 71 1.3652593992858622e-05
95 71 0.0003549674438143249
96 71 0.00090107120352867073
97 71 0.0003549674438143249
98 71 1.3652593992858632e-05
119 71 5.2509976895610132e-07
120 71 1.3652593992858647e-05
121 71 3.4656584751102697e-05
122 71 1.3652593992858644e-05
123 71 5.2509976895610174e-07
20 72 1.0501995379122041e-06
21 72 2.7305187985717277e-05
22 72 6.9313169502205463e-05
23 72 2.7305187985717335e-05
24 72 1.0501995379122073e-06
45 72 1.3127494223902547e-05
46 72 0.00034131484982146602
47 72 0.00086641461877756871
48 72 0.00034131484982146668
49 72 1.3127494223902593e-05
70 72 3.4656584751102697e-05
71 72 0.00090107120352867019
72 72 0.002287334593572781
73 72 0.00090107120352867171
74 72 3.4656584751102813e-05
95 72 1.3652593992858649e-05
96 72 0.0003549674438143249
97 72 0.00090107120352867192
98 72 0.00035496744381432544
99 72 1.36525939928587e-05
120 72 5.2509976895610227e-07
121 72 1.3652593992858644e-05
122 72 3.4656584751102758e-05
123 72 1.3652593992858671e-05
124 72 5.2509976895610397e-07
21 73 1.0501995379122024e-06
22 73 2.7305187985717335e-05
23 73 6.9313169502205368e-05
24 73 2.6254988447805085e-05
25 73 2.1003990758244036e-06
46 73 1.3127494223902531e-05
47 73 0.00034131484982146668
48 73 0.00086641461877756773
49 73 0.00032818735559756346
50 73 2.6254988447805041e-05
71 73 3.4656584751102664e-05
72 73 0.0009010712035286716
73 73 0.0022873345935727788
74 73 0.00086641461877756828
75 73 6.9313169502205259e-05
96 73 1.3652593992858632e-05
