# Created by Octave 5.2.0, Tue Oct 26 12:52:41 2021 CEST <omen@omen-linux>
# name: riga_4
# type: sparse matrix
# nnz: 576
# rows: 36
# columns: 36
1 1 0.0099999999999999985
2 1 0.005833333333333331
3 1 0.00083333333333333328
7 1 0.0058333333333333301
8 1 0.0034027777777777767
9 1 0.00048611111111111115
13 1 0.00083333333333333306
14 1 0.00048611111111111126
15 1 6.9444444444444471e-05
1 2 0.005833333333333331
2 2 0.016666666666666659
3 2 0.010416666666666661
4 2 0.00041666666666666664
7 2 0.0034027777777777767
8 2 0.0097222222222222258
9 2 0.0060763888888888881
10 2 0.00024305555555555563
13 2 0.00048611111111111126
14 2 0.0013888888888888898
15 2 0.00086805555555555562
16 2 3.4722222222222236e-05
1 3 0.00083333333333333328
2 3 0.010416666666666661
3 3 0.027499999999999993
4 3 0.010833333333333325
5 3 0.00041666666666666664
7 3 0.00048611111111111115
8 3 0.0060763888888888881
9 3 0.016041666666666659
10 3 0.0063194444444444418
11 3 0.0002430555555555556
13 3 6.9444444444444471e-05
14 3 0.00086805555555555562
15 3 0.0022916666666666667
16 3 0.00090277777777777774
17 3 3.4722222222222243e-05
2 4 0.00041666666666666664
3 4 0.010833333333333325
4 4 0.027499999999999997
5 4 0.010416666666666668
6 4 0.0008333333333333336
8 4 0.00024305555555555563
9 4 0.0063194444444444418
10 4 0.016041666666666666
11 4 0.006076388888888889
12 4 0.00048611111111111137
14 4 3.4722222222222236e-05
15 4 0.00090277777777777774
16 4 0.0022916666666666671
17 4 0.00086805555555555605
18 4 6.9444444444444499e-05
3 5 0.00041666666666666664
4 5 0.010416666666666664
5 5 0.016666666666666666
6 5 0.0058333333333333336
9 5 0.0002430555555555556
10 5 0.006076388888888889
11 5 0.0097222222222222206
12 5 0.0034027777777777793
15 5 3.4722222222222236e-05
16 5 0.00086805555555555605
17 5 0.0013888888888888889
18 5 0.00048611111111111131
4 6 0.0008333333333333336
5 6 0.0058333333333333336
6 6 0.0099999999999999898
10 6 0.00048611111111111137
11 6 0.0034027777777777793
12 6 0.0058333333333333293
16 6 6.9444444444444499e-05
17 6 0.00048611111111111131
18 6 0.00083333333333333284
1 7 0.0058333333333333319
2 7 0.0034027777777777767
3 7 0.00048611111111111115
7 7 0.016666666666666663
8 7 0.0097222222222222241
9 7 0.0013888888888888896
13 7 0.010416666666666659
14 7 0.0060763888888888873
15 7 0.00086805555555555562
19 7 0.00041666666666666664
20 7 0.00024305555555555563
21 7 3.4722222222222236e-05
1 8 0.0034027777777777767
2 8 0.0097222222222222258
3 8 0.0060763888888888873
4 8 0.00024305555555555558
7 8 0.0097222222222222258
8 8 0.027777777777777769
9 8 0.017361111111111112
10 8 0.0006944444444444448
13 8 0.0060763888888888873
14 8 0.017361111111111112
15 8 0.010850694444444439
16 8 0.00043402777777777781
19 8 0.00024305555555555563
20 8 0.0006944444444444449
21 8 0.00043402777777777781
22 8 1.7361111111111118e-05
1 9 0.00048611111111111115
2 9 0.0060763888888888873
3 9 0.016041666666666659
4 9 0.0063194444444444418
5 9 0.0002430555555555556
7 9 0.0013888888888888896
8 9 0.017361111111111112
9 9 0.045833333333333358
10 9 0.018055555555555561
11 9 0.0006944444444444449
13 9 0.00086805555555555562
14 9 0.010850694444444439
15 9 0.028645833333333336
16 9 0.011284722222222219
17 9 0.0004340277777777777
19 9 3.4722222222222236e-05
20 9 0.00043402777777777781
21 9 0.0011458333333333333
22 9 0.00045138888888888887
23 9 1.7361111111111121e-05
2 10 0.00024305555555555563
3 10 0.0063194444444444418
4 10 0.016041666666666666
5 10 0.006076388888888889
6 10 0.00048611111111111137
8 10 0.0006944444444444448
9 10 0.018055555555555557
10 10 0.045833333333333358
11 10 0.017361111111111112
12 10 0.0013888888888888905
14 10 0.00043402777777777781
15 10 0.011284722222222219
16 10 0.028645833333333332
17 10 0.010850694444444448
18 10 0.00086805555555555583
20 10 1.7361111111111118e-05
21 10 0.00045138888888888887
22 10 0.0011458333333333336
23 10 0.00043402777777777802
24 10 3.4722222222222249e-05
3 11 0.0002430555555555556
4 11 0.006076388888888889
5 11 0.0097222222222222206
6 11 0.0034027777777777793
9 11 0.0006944444444444449
10 11 0.017361111111111112
11 11 0.027777777777777783
12 11 0.0097222222222222258
15 11 0.00043402777777777765
16 11 0.010850694444444448
17 11 0.017361111111111115
18 11 0.0060763888888888925
21 11 1.7361111111111118e-05
22 11 0.00043402777777777802
23 11 0.00069444444444444447
24 11 0.00024305555555555566
4 12 0.00048611111111111137
5 12 0.0034027777777777793
6 12 0.0058333333333333293
10 12 0.0013888888888888905
11 12 0.0097222222222222293
12 12 0.016666666666666659
16 12 0.00086805555555555583
17 12 0.0060763888888888925
18 12 0.010416666666666659
22 12 3.4722222222222249e-05
23 12 0.00024305555555555566
24 12 0.00041666666666666642
1 13 0.00083333333333333306
2 13 0.00048611111111111126
3 13 6.9444444444444471e-05
7 13 0.010416666666666659
8 13 0.0060763888888888881
9 13 0.00086805555555555562
13 13 0.027499999999999997
14 13 0.016041666666666666
15 13 0.0022916666666666671
19 13 0.010833333333333323
20 13 0.0063194444444444435
21 13 0.00090277777777777774
25 13 0.00041666666666666658
26 13 0.00024305555555555558
27 13 3.4722222222222236e-05
1 14 0.00048611111111111126
2 14 0.0013888888888888898
3 14 0.00086805555555555562
4 14 3.4722222222222236e-05
7 14 0.0060763888888888881
8 14 0.017361111111111112
9 14 0.010850694444444439
10 14 0.00043402777777777781
13 14 0.016041666666666666
14 14 0.045833333333333344
15 14 0.028645833333333339
16 14 0.0011458333333333336
19 14 0.0063194444444444426
20 14 0.018055555555555561
21 14 0.011284722222222215
22 14 0.00045138888888888892
25 14 0.00024305555555555558
26 14 0.0006944444444444449
27 14 0.0004340277777777777
28 14 1.7361111111111118e-05
1 15 6.9444444444444471e-05
2 15 0.00086805555555555562
3 15 0.0022916666666666667
4 15 0.00090277777777777774
5 15 3.4722222222222236e-05
7 15 0.00086805555555555562
8 15 0.010850694444444439
9 15 0.028645833333333336
10 15 0.011284722222222219
11 15 0.0004340277777777777
13 15 0.0022916666666666671
14 15 0.028645833333333339
15 15 0.075624999999999998
16 15 0.029791666666666657
17 15 0.0011458333333333336
19 15 0.00090277777777777784
20 15 0.011284722222222215
21 15 0.029791666666666657
22 15 0.011736111111111105
23 15 0.00045138888888888881
25 15 3.4722222222222236e-05
26 15 0.0004340277777777777
27 15 0.0011458333333333336
28 15 0.00045138888888888876
29 15 1.7361111111111118e-05
2 16 3.4722222222222236e-05
3 16 0.00090277777777777774
4 16 0.0022916666666666671
5 16 0.00086805555555555605
6 16 6.9444444444444499e-05
8 16 0.00043402777777777781
9 16 0.011284722222222219
10 16 0.028645833333333332
11 16 0.010850694444444448
12 16 0.00086805555555555583
14 16 0.0011458333333333336
15 16 0.029791666666666657
16 16 0.075625000000000026
17 16 0.028645833333333332
18 16 0.0022916666666666684
20 16 0.00045138888888888892
21 16 0.011736111111111105
22 16 0.029791666666666661
23 16 0.011284722222222224
24 16 0.00090277777777777806
26 16 1.7361111111111118e-05
27 16 0.00045138888888888876
28 16 0.0011458333333333336
29 16 0.00043402777777777808
30 16 3.4722222222222256e-05
3 17 3.4722222222222236e-05
4 17 0.00086805555555555605
5 17 0.0013888888888888889
6 17 0.00048611111111111131
9 17 0.0004340277777777777
10 17 0.010850694444444448
11 17 0.017361111111111115
12 17 0.0060763888888888925
15 17 0.0011458333333333333
16 17 0.028645833333333332
17 17 0.045833333333333365
18 17 0.016041666666666666
21 17 0.00045138888888888876
22 17 0.011284722222222224
23 17 0.018055555555555557
24 17 0.0063194444444444461
27 17 1.7361111111111118e-05
28 17 0.00043402777777777808
29 17 0.00069444444444444447
30 17 0.00024305555555555568
4 18 6.9444444444444499e-05
5 18 0.00048611111111111131
6 18 0.00083333333333333284
10 18 0.00086805555555555583
11 18 0.0060763888888888925
12 18 0.010416666666666659
16 18 0.0022916666666666684
17 18 0.016041666666666666
18 18 0.027499999999999979
22 18 0.00090277777777777806
23 18 0.0063194444444444461
24 18 0.010833333333333322
28 18 3.4722222222222256e-05
29 18 0.00024305555555555568
