# Created by Octave 5.2.0, Tue Oct 26 13:16:31 2021 CEST <omen@omen-linux>
# name: riga_10
# type: sparse matrix
# nnz: 2916
# rows: 144
# columns: 144
1 1 0.0016000000000000001
2 1 0.00093333333333333332
3 1 0.00013333333333333331
13 1 0.00093333333333333354
14 1 0.00054444444444444429
15 1 7.7777777777777782e-05
25 1 0.00013333333333333339
26 1 7.7777777777777768e-05
27 1 1.1111111111111113e-05
1 2 0.00093333333333333332
2 2 0.0026666666666666661
3 2 0.0016666666666666666
4 2 6.666666666666667e-05
13 2 0.00054444444444444429
14 2 0.0015555555555555555
15 2 0.00097222222222222219
16 2 3.8888888888888904e-05
25 2 7.7777777777777768e-05
26 2 0.00022222222222222223
27 2 0.00013888888888888886
28 2 5.5555555555555584e-06
1 3 0.00013333333333333334
2 3 0.0016666666666666666
3 3 0.0043999999999999985
4 3 0.0017333333333333339
5 3 6.666666666666667e-05
13 3 7.7777777777777782e-05
14 3 0.00097222222222222219
15 3 0.0025666666666666676
16 3 0.0010111111111111111
17 3 3.8888888888888898e-05
25 3 1.1111111111111113e-05
26 3 0.00013888888888888886
27 3 0.00036666666666666683
28 3 0.00014444444444444446
29 3 5.5555555555555558e-06
2 4 6.6666666666666683e-05
3 4 0.0017333333333333339
4 4 0.0044000000000000011
5 4 0.0017333333333333337
6 4 6.6666666666666724e-05
14 4 3.8888888888888911e-05
15 4 0.0010111111111111111
16 4 0.0025666666666666689
17 4 0.0010111111111111115
18 4 3.8888888888888931e-05
26 4 5.5555555555555584e-06
27 4 0.00014444444444444446
28 4 0.00036666666666666705
29 4 0.00014444444444444446
30 4 5.5555555555555626e-06
3 5 6.666666666666667e-05
4 5 0.0017333333333333337
5 5 0.0043999999999999994
6 5 0.0017333333333333335
7 5 6.6666666666666683e-05
15 5 3.8888888888888898e-05
16 5 0.0010111111111111113
17 5 0.0025666666666666672
18 5 0.0010111111111111111
19 5 3.8888888888888898e-05
27 5 5.5555555555555558e-06
28 5 0.00014444444444444446
29 5 0.00036666666666666689
30 5 0.00014444444444444444
31 5 5.5555555555555575e-06
4 6 6.6666666666666724e-05
5 6 0.0017333333333333335
6 6 0.0044000000000000011
7 6 0.0017333333333333324
8 6 6.6666666666666589e-05
16 6 3.8888888888888931e-05
17 6 0.0010111111111111111
18 6 0.0025666666666666689
19 6 0.0010111111111111104
20 6 3.8888888888888857e-05
28 6 5.5555555555555626e-06
29 6 0.00014444444444444444
30 6 0.000366666666666667
31 6 0.00014444444444444438
32 6 5.5555555555555499e-06
5 7 6.6666666666666683e-05
6 7 0.0017333333333333324
7 7 0.0043999999999999977
8 7 0.0017333333333333348
9 7 6.6666666666666643e-05
17 7 3.8888888888888898e-05
18 7 0.0010111111111111104
19 7 0.0025666666666666672
20 7 0.0010111111111111115
21 7 3.8888888888888884e-05
29 7 5.5555555555555584e-06
30 7 0.00014444444444444438
31 7 0.00036666666666666667
32 7 0.00014444444444444463
33 7 5.5555555555555567e-06
6 8 6.6666666666666589e-05
7 8 0.0017333333333333348
8 8 0.0044000000000000003
9 8 0.0017333333333333328
10 8 6.6666666666666683e-05
18 8 3.8888888888888857e-05
19 8 0.0010111111111111115
20 8 0.0025666666666666689
21 8 0.0010111111111111106
22 8 3.8888888888888898e-05
30 8 5.5555555555555499e-06
31 8 0.00014444444444444463
32 8 0.000366666666666667
33 8 0.00014444444444444446
34 8 5.5555555555555584e-06
7 9 6.6666666666666643e-05
8 9 0.0017333333333333328
9 9 0.0043999999999999959
10 9 0.0017333333333333333
11 9 6.6666666666666738e-05
19 9 3.8888888888888884e-05
20 9 0.0010111111111111106
21 9 0.0025666666666666659
22 9 0.0010111111111111111
23 9 3.8888888888888938e-05
31 9 5.5555555555555558e-06
32 9 0.00014444444444444446
33 9 0.00036666666666666662
34 9 0.00014444444444444449
35 9 5.5555555555555643e-06
8 10 6.6666666666666683e-05
9 10 0.0017333333333333333
10 10 0.0044000000000000037
11 10 0.001666666666666667
12 10 0.00013333333333333318
20 10 3.8888888888888898e-05
21 10 0.0010111111111111111
22 10 0.0025666666666666702
23 10 0.00097222222222222263
24 10 7.7777777777777714e-05
32 10 5.5555555555555584e-06
33 10 0.00014444444444444449
34 10 0.00036666666666666721
35 10 0.00013888888888888905
36 10 1.11111111111111e-05
9 11 6.6666666666666738e-05
10 11 0.001666666666666667
11 11 0.002666666666666664
12 11 0.00093333333333333289
21 11 3.8888888888888938e-05
22 11 0.00097222222222222263
23 11 0.0015555555555555546
24 11 0.00054444444444444419
33 11 5.5555555555555643e-06
34 11 0.00013888888888888902
35 11 0.00022222222222222207
36 11 7.7777777777777741e-05
10 12 0.00013333333333333318
11 12 0.00093333333333333289
12 12 0.0015999999999999988
22 12 7.7777777777777714e-05
23 12 0.00054444444444444419
24 12 0.00093333333333333256
34 12 1.11111111111111e-05
35 12 7.7777777777777741e-05
36 12 0.00013333333333333323
1 13 0.00093333333333333343
2 13 0.00054444444444444429
3 13 7.7777777777777782e-05
13 13 0.0026666666666666653
14 13 0.0015555555555555557
15 13 0.00022222222222222221
25 13 0.0016666666666666666
26 13 0.00097222222222222219
27 13 0.00013888888888888892
37 13 6.6666666666666697e-05
38 13 3.8888888888888898e-05
39 13 5.5555555555555584e-06
1 14 0.0005444444444444444
2 14 0.0015555555555555555
3 14 0.0009722222222222223
4 14 3.8888888888888904e-05
13 14 0.0015555555555555557
14 14 0.0044444444444444453
15 14 0.0027777777777777779
16 14 0.00011111111111111113
25 14 0.00097222222222222219
26 14 0.002777777777777777
27 14 0.0017361111111111108
28 14 6.9444444444444471e-05
37 14 3.8888888888888898e-05
38 14 0.00011111111111111114
39 14 6.9444444444444458e-05
40 14 2.7777777777777796e-06
1 15 7.7777777777777782e-05
2 15 0.0009722222222222223
3 15 0.0025666666666666676
4 15 0.0010111111111111111
5 15 3.8888888888888898e-05
13 15 0.00022222222222222223
14 15 0.0027777777777777779
15 15 0.0073333333333333384
16 15 0.0028888888888888896
17 15 0.00011111111111111114
25 15 0.00013888888888888892
26 15 0.0017361111111111108
27 15 0.0045833333333333325
28 15 0.0018055555555555555
29 15 6.9444444444444458e-05
37 15 5.5555555555555575e-06
38 15 6.9444444444444458e-05
39 15 0.00018333333333333344
40 15 7.222222222222226e-05
41 15 2.7777777777777796e-06
2 16 3.8888888888888904e-05
3 16 0.0010111111111111113
4 16 0.0025666666666666689
5 16 0.0010111111111111115
6 16 3.8888888888888931e-05
14 16 0.00011111111111111113
15 16 0.0028888888888888896
16 16 0.0073333333333333401
17 16 0.0028888888888888896
18 16 0.00011111111111111121
26 16 6.9444444444444471e-05
27 16 0.0018055555555555555
28 16 0.0045833333333333342
29 16 0.0018055555555555557
30 16 6.9444444444444499e-05
38 16 2.77777777777778e-06
39 16 7.222222222222226e-05
40 16 0.00018333333333333358
41 16 7.222222222222226e-05
42 16 2.7777777777777813e-06
3 17 3.8888888888888898e-05
4 17 0.0010111111111111113
5 17 0.0025666666666666672
6 17 0.0010111111111111111
7 17 3.8888888888888898e-05
15 17 0.00011111111111111114
16 17 0.0028888888888888896
17 17 0.0073333333333333358
18 17 0.0028888888888888888
19 17 0.00011111111111111112
27 17 6.9444444444444458e-05
28 17 0.0018055555555555557
29 17 0.0045833333333333308
30 17 0.0018055555555555553
31 17 6.9444444444444444e-05
39 17 2.7777777777777796e-06
40 17 7.222222222222226e-05
41 17 0.00018333333333333342
42 17 7.2222222222222246e-05
43 17 2.7777777777777796e-06
4 18 3.8888888888888931e-05
5 18 0.0010111111111111111
6 18 0.0025666666666666685
7 18 0.0010111111111111104
8 18 3.8888888888888857e-05
16 18 0.00011111111111111121
17 18 0.0028888888888888888
18 18 0.0073333333333333401
19 18 0.0028888888888888888
20 18 0.00011111111111111097
28 18 6.9444444444444499e-05
29 18 0.0018055555555555553
30 18 0.0045833333333333325
31 18 0.0018055555555555546
32 18 6.944444444444435e-05
40 18 2.7777777777777817e-06
41 18 7.2222222222222246e-05
42 18 0.00018333333333333347
43 18 7.2222222222222219e-05
44 18 2.7777777777777758e-06
5 19 3.8888888888888898e-05
6 19 0.0010111111111111104
7 19 0.0025666666666666676
8 19 0.0010111111111111115
9 19 3.8888888888888884e-05
17 19 0.00011111111111111112
18 19 0.0028888888888888888
19 19 0.0073333333333333332
20 19 0.0028888888888888905
21 19 0.00011111111111111108
29 19 6.9444444444444444e-05
30 19 0.0018055555555555548
