# Created by Octave 5.2.0, Wed Nov 03 10:47:02 2021 CET <omen@omen-linux>
# name: ans
# type: sparse matrix
# nnz: 841
# rows: 49
# columns: 49
1 1 0.0064000000000000003
2 1 0.0037333333333333333
3 1 0.00053333333333333325
8 1 0.0037333333333333342
9 1 0.0021777777777777772
10 1 0.00031111111111111113
15 1 0.00053333333333333358
16 1 0.00031111111111111107
17 1 4.4444444444444453e-05
1 2 0.0037333333333333333
2 2 0.010666666666666665
3 2 0.0066666666666666662
4 2 0.00026666666666666668
8 2 0.0021777777777777772
9 2 0.0062222222222222219
10 2 0.0038888888888888888
11 2 0.00015555555555555562
15 2 0.00031111111111111107
16 2 0.00088888888888888893
17 2 0.00055555555555555545
18 2 2.2222222222222233e-05
1 3 0.00053333333333333336
2 3 0.0066666666666666662
3 3 0.017599999999999994
4 3 0.0069333333333333356
5 3 0.00026666666666666668
8 3 0.00031111111111111113
9 3 0.0038888888888888888
10 3 0.01026666666666667
11 3 0.0040444444444444443
12 3 0.00015555555555555559
15 3 4.4444444444444453e-05
16 3 0.00055555555555555545
17 3 0.0014666666666666673
18 3 0.00057777777777777786
19 3 2.2222222222222223e-05
2 4 0.00026666666666666673
3 4 0.0069333333333333356
4 4 0.017600000000000005
5 4 0.0069333333333333347
6 4 0.0002666666666666669
9 4 0.00015555555555555564
10 4 0.0040444444444444443
11 4 0.010266666666666676
12 4 0.004044444444444446
13 4 0.00015555555555555573
16 4 2.2222222222222233e-05
17 4 0.00057777777777777786
18 4 0.0014666666666666682
19 4 0.00057777777777777786
20 4 2.222222222222225e-05
3 5 0.00026666666666666668
4 5 0.0069333333333333347
5 5 0.017599999999999998
6 5 0.006666666666666668
7 5 0.00053333333333333347
10 5 0.00015555555555555559
11 5 0.0040444444444444451
12 5 0.010266666666666669
13 5 0.0038888888888888892
14 5 0.00031111111111111118
17 5 2.2222222222222223e-05
18 5 0.00057777777777777786
19 5 0.0014666666666666676
20 5 0.00055555555555555577
21 5 4.444444444444446e-05
4 6 0.0002666666666666669
5 6 0.0066666666666666671
6 6 0.010666666666666663
7 6 0.0037333333333333368
11 6 0.00015555555555555573
12 6 0.0038888888888888892
13 6 0.0062222222222222245
14 6 0.0021777777777777798
18 6 2.222222222222225e-05
19 6 0.00055555555555555577
20 6 0.00088888888888888904
21 6 0.00031111111111111134
5 7 0.00053333333333333347
6 7 0.0037333333333333368
7 7 0.0063999999999999899
12 7 0.00031111111111111118
13 7 0.0021777777777777798
14 7 0.0037333333333333277
19 7 4.4444444444444467e-05
20 7 0.00031111111111111134
21 7 0.0005333333333333326
1 8 0.0037333333333333337
2 8 0.0021777777777777772
3 8 0.00031111111111111113
8 8 0.010666666666666661
9 8 0.0062222222222222227
10 8 0.00088888888888888882
15 8 0.0066666666666666662
16 8 0.0038888888888888888
17 8 0.00055555555555555566
22 8 0.00026666666666666679
23 8 0.00015555555555555559
24 8 2.2222222222222233e-05
1 9 0.0021777777777777776
2 9 0.0062222222222222219
3 9 0.0038888888888888892
4 9 0.00015555555555555562
8 9 0.0062222222222222227
9 9 0.017777777777777781
10 9 0.011111111111111112
11 9 0.00044444444444444452
15 9 0.0038888888888888888
16 9 0.011111111111111108
17 9 0.0069444444444444432
18 9 0.00027777777777777789
22 9 0.00015555555555555559
23 9 0.00044444444444444457
24 9 0.00027777777777777783
25 9 1.1111111111111118e-05
1 10 0.00031111111111111113
2 10 0.0038888888888888892
3 10 0.01026666666666667
4 10 0.0040444444444444443
5 10 0.00015555555555555559
8 10 0.00088888888888888893
9 10 0.011111111111111112
10 10 0.029333333333333354
11 10 0.011555555555555558
12 10 0.00044444444444444457
15 10 0.00055555555555555566
16 10 0.0069444444444444432
17 10 0.01833333333333333
18 10 0.0072222222222222219
19 10 0.00027777777777777783
22 10 2.222222222222223e-05
23 10 0.00027777777777777783
24 10 0.00073333333333333378
25 10 0.00028888888888888904
26 10 1.1111111111111118e-05
2 11 0.00015555555555555562
3 11 0.0040444444444444451
4 11 0.010266666666666676
5 11 0.004044444444444446
6 11 0.00015555555555555573
9 11 0.00044444444444444452
10 11 0.011555555555555558
11 11 0.029333333333333361
12 11 0.011555555555555558
13 11 0.00044444444444444485
16 11 0.00027777777777777789
17 11 0.0072222222222222219
18 11 0.018333333333333337
19 11 0.0072222222222222228
20 11 0.00027777777777777799
23 11 1.111111111111112e-05
24 11 0.00028888888888888904
25 11 0.00073333333333333432
26 11 0.00028888888888888904
27 11 1.1111111111111125e-05
3 12 0.00015555555555555559
4 12 0.0040444444444444451
5 12 0.010266666666666669
6 12 0.0038888888888888892
7 12 0.00031111111111111118
10 12 0.00044444444444444457
11 12 0.011555555555555558
12 12 0.029333333333333343
13 12 0.011111111111111108
14 12 0.00088888888888888893
17 12 0.00027777777777777783
18 12 0.0072222222222222228
19 12 0.018333333333333323
20 12 0.0069444444444444415
21 12 0.00055555555555555556
24 12 1.1111111111111118e-05
25 12 0.00028888888888888904
26 12 0.00073333333333333367
27 12 0.00027777777777777794
28 12 2.2222222222222237e-05
4 13 0.00015555555555555573
5 13 0.0038888888888888892
6 13 0.0062222222222222245
7 13 0.0021777777777777798
11 13 0.00044444444444444485
12 13 0.011111111111111108
13 13 0.017777777777777778
14 13 0.0062222222222222288
18 13 0.00027777777777777799
19 13 0.0069444444444444415
20 13 0.01111111111111111
21 13 0.0038888888888888922
25 13 1.1111111111111127e-05
26 13 0.00027777777777777789
27 13 0.00044444444444444468
28 13 0.00015555555555555573
5 14 0.00031111111111111118
6 14 0.0021777777777777802
7 14 0.0037333333333333277
12 14 0.00088888888888888893
13 14 0.0062222222222222288
14 14 0.010666666666666644
19 14 0.00055555555555555556
20 14 0.0038888888888888922
21 14 0.0066666666666666558
26 14 2.2222222222222237e-05
27 14 0.00015555555555555573
28 14 0.0002666666666666663
1 15 0.00053333333333333347
2 15 0.00031111111111111107
3 15 4.4444444444444453e-05
8 15 0.0066666666666666662
9 15 0.0038888888888888888
10 15 0.00055555555555555566
15 15 0.017599999999999991
16 15 0.01026666666666667
17 15 0.0014666666666666671
22 15 0.0069333333333333365
23 15 0.0040444444444444451
24 15 0.00057777777777777808
29 15 0.00026666666666666668
30 15 0.00015555555555555554
31 15 2.2222222222222223e-05
1 16 0.00031111111111111107
2 16 0.00088888888888888893
3 16 0.00055555555555555545
4 16 2.2222222222222233e-05
8 16 0.0038888888888888888
9 16 0.011111111111111108
10 16 0.0069444444444444432
11 16 0.00027777777777777789
15 16 0.01026666666666667
16 16 0.029333333333333364
17 16 0.01833333333333333
18 16 0.00073333333333333356
22 16 0.0040444444444444451
23 16 0.011555555555555558
24 16 0.0072222222222222254
25 16 0.00028888888888888909
29 16 0.00015555555555555554
30 16 0.00044444444444444441
31 16 0.00027777777777777772
32 16 1.1111111111111115e-05
1 17 4.4444444444444453e-05
2 17 0.00055555555555555545
3 17 0.0014666666666666673
4 17 0.00057777777777777775
5 17 2.2222222222222223e-05
8 17 0.00055555555555555566
9 17 0.0069444444444444432
10 17 0.01833333333333333
11 17 0.0072222222222222219
12 17 0.00027777777777777772
15 17 0.0014666666666666673
16 17 0.01833333333333333
17 17 0.048399999999999985
18 17 0.019066666666666662
19 17 0.00073333333333333367
22 17 0.00057777777777777808
23 17 0.0072222222222222245
24 17 0.019066666666666676
25 17 0.0075111111111111142
26 17 0.00028888888888888898
29 17 2.2222222222222223e-05
30 17 0.00027777777777777772
31 17 0.00073333333333333367
32 17 0.00028888888888888888
33 17 1.1111111111111117e-05
2 18 2.2222222222222233e-05
3 18 0.00057777777777777775
4 18 0.0014666666666666682
5 18 0.00057777777777777786
6 18 2.222222222222225e-05
9 18 0.00027777777777777789
10 18 0.0072222222222222219
11 18 0.018333333333333337
12 18 0.0072222222222222228
13 18 0.00027777777777777799
16 18 0.00073333333333333356
17 18 0.019066666666666666
18 18 0.048400000000000006
19 18 0.019066666666666669
20 18 0.00073333333333333432
23 18 0.00028888888888888904
24 18 0.0075111111111111142
25 18 0.01906666666666668
26 18 0.007511111111111116
27 18 0.0002888888888888892
30 18 1.1111111111111115e-05
31 18 0.00028888888888888888
