# Created by Octave 5.2.0, Tue Oct 26 13:25:54 2021 CEST <omen@omen-linux>
# name: ans
# type: sparse matrix
# nnz: 3249
# rows: 225
# columns: 225
1 1 0.0032653061224489788
2 1 0.0016326530612244899
3 1 0.00054421768707482981
16 1 0.0016326530612244899
17 1 0.00081632653061224504
18 1 0.00027210884353741496
31 1 0.00054421768707482981
32 1 0.00027210884353741507
33 1 9.0702947845805031e-05
1 2 0.0016326530612244899
2 2 0.0021768707482993192
3 2 0.0016326530612244899
16 2 0.00081632653061224504
17 2 0.0010884353741496598
18 2 0.00081632653061224493
31 2 0.00027210884353741501
32 2 0.00036281179138322012
33 2 0.00027210884353741507
1 3 0.00054421768707482981
2 3 0.0016326530612244899
3 3 0.0065306122448979568
4 3 0.0016326530612244896
5 3 0.0005442176870748297
16 3 0.00027210884353741496
17 3 0.00081632653061224493
18 3 0.0032653061224489797
19 3 0.00081632653061224493
20 3 0.0002721088435374149
31 3 9.0702947845805031e-05
32 3 0.00027210884353741507
33 3 0.0010884353741496598
34 3 0.00027210884353741501
35 3 9.0702947845805004e-05
3 4 0.0016326530612244894
4 4 0.0021768707482993188
5 4 0.0016326530612244903
18 4 0.00081632653061224493
19 4 0.0010884353741496596
20 4 0.00081632653061224515
33 4 0.00027210884353741501
34 4 0.00036281179138322002
35 4 0.00027210884353741512
3 5 0.0005442176870748297
4 5 0.0016326530612244903
5 5 0.0065306122448979594
6 5 0.0016326530612244894
7 5 0.00054421768707482992
18 5 0.0002721088435374149
19 5 0.00081632653061224525
20 5 0.0032653061224489806
21 5 0.00081632653061224471
22 5 0.00027210884353741507
33 5 9.0702947845805004e-05
34 5 0.00027210884353741512
35 5 0.0010884353741496603
36 5 0.00027210884353741501
37 5 9.0702947845805045e-05
5 6 0.0016326530612244894
6 6 0.0021768707482993197
7 6 0.0016326530612244894
20 6 0.00081632653061224471
21 6 0.0010884353741496603
22 6 0.00081632653061224493
35 6 0.00027210884353741501
36 6 0.00036281179138322018
37 6 0.00027210884353741512
5 7 0.00054421768707482992
6 7 0.0016326530612244894
7 7 0.0065306122448979534
8 7 0.001632653061224489
9 7 0.00054421768707482981
20 7 0.00027210884353741507
21 7 0.00081632653061224493
22 7 0.0032653061224489771
23 7 0.00081632653061224471
24 7 0.0002721088435374149
35 7 9.0702947845805045e-05
36 7 0.00027210884353741507
37 7 0.0010884353741496585
38 7 0.0002721088435374149
39 7 9.0702947845805004e-05
7 8 0.001632653061224489
8 8 0.0021768707482993192
9 8 0.001632653061224492
22 8 0.00081632653061224471
23 8 0.0010884353741496596
24 8 0.00081632653061224612
37 8 0.0002721088435374149
38 8 0.00036281179138322002
39 8 0.00027210884353741545
7 9 0.00054421768707482981
8 9 0.001632653061224492
9 9 0.0065306122448979586
10 9 0.001632653061224487
11 9 0.00054421768707483024
22 9 0.0002721088435374149
23 9 0.00081632653061224612
24 9 0.0032653061224489801
25 9 0.00081632653061224384
26 9 0.00027210884353741523
37 9 9.0702947845805004e-05
38 9 0.00027210884353741545
39 9 0.0010884353741496603
40 9 0.00027210884353741474
41 9 9.0702947845805085e-05
9 10 0.001632653061224487
10 10 0.002176870748299321
11 10 0.0016326530612244916
24 10 0.00081632653061224384
25 10 0.0010884353741496609
26 10 0.0008163265306122458
39 10 0.00027210884353741474
40 10 0.00036281179138322034
41 10 0.00027210884353741539
9 11 0.00054421768707483024
10 11 0.0016326530612244914
11 11 0.0065306122448979551
12 11 0.0016326530612244881
13 11 0.0005442176870748297
24 11 0.00027210884353741523
25 11 0.0008163265306122458
26 11 0.0032653061224489784
27 11 0.00081632653061224417
28 11 0.00027210884353741485
39 11 9.0702947845805085e-05
40 11 0.00027210884353741539
41 11 0.0010884353741496594
42 11 0.0002721088435374148
43 11 9.0702947845804977e-05
11 12 0.0016326530612244881
12 12 0.0021768707482993188
13 12 0.0016326530612244907
26 12 0.00081632653061224417
27 12 0.0010884353741496594
28 12 0.00081632653061224558
41 12 0.0002721088435374148
42 12 0.00036281179138321991
43 12 0.00027210884353741534
11 13 0.0005442176870748297
12 13 0.0016326530612244907
13 13 0.006530612244897956
14 13 0.0016326530612244886
15 13 0.00054421768707482981
26 13 0.0002721088435374149
27 13 0.00081632653061224558
28 13 0.0032653061224489788
29 13 0.0008163265306122446
30 13 0.00027210884353741496
41 13 9.0702947845804977e-05
42 13 0.00027210884353741534
43 13 0.0010884353741496592
44 13 0.00027210884353741496
45 13 9.0702947845805004e-05
13 14 0.0016326530612244886
14 14 0.0021768707482993192
15 14 0.0016326530612244925
28 14 0.0008163265306122446
29 14 0.0010884353741496598
30 14 0.00081632653061224645
43 14 0.00027210884353741496
44 14 0.00036281179138321996
45 14 0.00027210884353741555
13 15 0.00054421768707482981
14 15 0.0016326530612244925
15 15 0.0032653061224489767
28 15 0.00027210884353741496
29 15 0.00081632653061224645
30 15 0.0016326530612244888
43 15 9.0702947845805004e-05
44 15 0.00027210884353741555
45 15 0.00054421768707482959
1 16 0.0016326530612244899
2 16 0.00081632653061224504
3 16 0.00027210884353741496
16 16 0.0021768707482993192
17 16 0.00108843537414966
18 16 0.00036281179138322012
31 16 0.0016326530612244903
32 16 0.00081632653061224515
33 16 0.00027210884353741512
1 17 0.00081632653061224504
2 17 0.0010884353741496598
3 17 0.00081632653061224493
16 17 0.00108843537414966
17 17 0.0014512471655328805
18 17 0.0010884353741496603
31 17 0.00081632653061224515
32 17 0.0010884353741496605
33 17 0.00081632653061224504
1 18 0.00027210884353741496
2 18 0.00081632653061224493
3 18 0.0032653061224489797
4 18 0.00081632653061224493
5 18 0.0002721088435374149
16 18 0.00036281179138322012
17 18 0.0010884353741496603
18 18 0.0043537414965986402
19 18 0.00108843537414966
20 18 0.00036281179138322002
31 18 0.00027210884353741512
32 18 0.00081632653061224504
33 18 0.0032653061224489806
34 18 0.00081632653061224493
35 18 0.00027210884353741501
3 19 0.00081632653061224493
4 19 0.0010884353741496598
5 19 0.00081632653061224525
18 19 0.00108843537414966
19 19 0.0014512471655328801
20 19 0.0010884353741496609
33 19 0.00081632653061224493
34 19 0.00108843537414966
35 19 0.00081632653061224547
3 20 0.0002721088435374149
4 20 0.00081632653061224515
5 20 0.0032653061224489806
6 20 0.00081632653061224471
7 20 0.00027210884353741507
18 20 0.00036281179138322002
19 20 0.0010884353741496605
20 20 0.0043537414965986411
21 20 0.00108843537414966
22 20 0.00036281179138322018
33 20 0.00027210884353741501
34 20 0.00081632653061224525
35 20 0.0032653061224489819
36 20 0.00081632653061224493
37 20 0.00027210884353741512
5 21 0.00081632653061224482
6 21 0.0010884353741496603
7 21 0.00081632653061224493
20 21 0.00108843537414966
21 21 0.0014512471655328807
22 21 0.0010884353741496605
35 21 0.00081632653061224493
36 21 0.0010884353741496607
37 21 0.00081632653061224504
5 22 0.00027210884353741507
6 22 0.00081632653061224493
7 22 0.0032653061224489771
8 22 0.00081632653061224471
9 22 0.0002721088435374149
20 22 0.00036281179138322018
21 22 0.0010884353741496605
22 22 0.0043537414965986359
23 22 0.0010884353741496596
24 22 0.00036281179138322002
35 22 0.00027210884353741512
36 22 0.00081632653061224504
37 22 0.003265306122448978
38 22 0.00081632653061224471
39 22 0.00027210884353741501
7 23 0.00081632653061224471
8 23 0.0010884353741496598
9 23 0.00081632653061224612
22 23 0.0010884353741496596
23 23 0.0014512471655328801
24 23 0.0010884353741496618
37 23 0.00081632653061224471
38 23 0.00108843537414966
39 23 0.00081632653061224623
7 24 0.0002721088435374149
8 24 0.00081632653061224612
9 24 0.0032653061224489801
10 24 0.00081632653061224384
11 24 0.00027210884353741523
22 24 0.00036281179138322002
23 24 0.0010884353741496618
24 24 0.0043537414965986411
25 24 0.001088435374149659
26 24 0.00036281179138322034
37 24 0.00027210884353741501
38 24 0.00081632653061224612
39 24 0.0032653061224489806
40 24 0.00081632653061224395
41 24 0.00027210884353741523
9 25 0.00081632653061224384
10 25 0.0010884353741496609
11 25 0.0008163265306122458
24 25 0.001088435374149659
25 25 0.0014512471655328814
26 25 0.0010884353741496616
39 25 0.00081632653061224395
40 25 0.0010884353741496609
41 25 0.0008163265306122459
9 26 0.00027210884353741523
10 26 0.0008163265306122458
11 26 0.003265306122448978
12 26 0.00081632653061224417
13 26 0.0002721088435374149
24 26 0.00036281179138322034
25 26 0.0010884353741496613
26 26 0.0043537414965986376
27 26 0.0010884353741496594
28 26 0.00036281179138321991
39 26 0.00027210884353741523
40 26 0.0008163265306122459
41 26 0.0032653061224489788
42 26 0.00081632653061224449
43 26 0.00027210884353741501
11 27 0.00081632653061224417
12 27 0.0010884353741496594
13 27 0.00081632653061224558
26 27 0.0010884353741496594
27 27 0.0014512471655328796
28 27 0.0010884353741496613
41 27 0.00081632653061224449
42 27 0.0010884353741496598
43 27 0.00081632653061224558
11 28 0.0002721088435374149
12 28 0.00081632653061224558
13 28 0.0032653061224489788
14 28 0.00081632653061224449
15 28 0.00027210884353741496
26 28 0.00036281179138321991
27 28 0.0010884353741496613
28 28 0.0043537414965986367
29 28 0.0010884353741496598
30 28 0.00036281179138322002
41 28 0.00027210884353741501
42 28 0.00081632653061224558
43 28 0.0032653061224489797
44 28 0.0008163265306122446
45 28 0.00027210884353741507
13 29 0.00081632653061224449
14 29 0.0010884353741496598
15 29 0.00081632653061224645
28 29 0.0010884353741496596
29 29 0.0014512471655328801
30 29 0.0010884353741496622
43 29 0.0008163265306122446
44 29 0.00108843537414966
45 29 0.00081632653061224645
13 30 0.00027210884353741496
14 30 0.00081632653061224645
15 30 0.0016326530612244886
28 30 0.00036281179138322002
29 30 0.0010884353741496624
30 30 0.0021768707482993184
43 30 0.00027210884353741507
44 30 0.00081632653061224655
45 30 0.001632653061224489
1 31 0.00054421768707482981
2 31 0.00027210884353741501
3 31 9.0702947845805031e-05
16 31 0.0016326530612244903
17 31 0.00081632653061224515
18 31 0.00027210884353741512
31 31 0.0065306122448979594
32 31 0.0032653061224489797
33 31 0.0010884353741496598
46 31 0.0016326530612244896
47 31 0.00081632653061224504
48 31 0.00027210884353741496
61 31 0.0005442176870748297
62 31 0.00027210884353741496
63 31 9.0702947845805004e-05
1 32 0.00027210884353741501
2 32 0.00036281179138322012
3 32 0.00027210884353741501
16 32 0.00081632653061224504
17 32 0.0010884353741496605
18 32 0.00081632653061224504
31 32 0.0032653061224489797
32 32 0.0043537414965986393
33 32 0.0032653061224489801
46 32 0.00081632653061224504
47 32 0.0010884353741496598
48 32 0.00081632653061224482
61 32 0.00027210884353741496
62 32 0.00036281179138322002
63 32 0.0002721088435374149
1 33 9.0702947845805031e-05
2 33 0.00027210884353741507
3 33 0.00108843537414966
4 33 0.00027210884353741501
5 33 9.0702947845805004e-05
16 33 0.00027210884353741512
17 33 0.00081632653061224504
18 33 0.0032653061224489806
19 33 0.00081632653061224493
20 33 0.00027210884353741501
31 33 0.0010884353741496598
32 33 0.0032653061224489801
33 33 0.013061224489795919
34 33 0.0032653061224489793
35 33 0.0010884353741496596
46 33 0.00027210884353741496
47 33 0.00081632653061224482
48 33 0.0032653061224489793
49 33 0.00081632653061224471
50 33 0.0002721088435374149
61 33 9.0702947845805004e-05
62 33 0.00027210884353741496
63 33 0.0010884353741496596
64 33 0.0002721088435374149
65 33 9.0702947845804977e-05
3 34 0.00027210884353741501
4 34 0.00036281179138322002
5 34 0.00027210884353741512
18 34 0.00081632653061224493
19 34 0.00108843537414966
20 34 0.00081632653061224525
33 34 0.0032653061224489793
34 34 0.0043537414965986385
35 34 0.003265306122448981
48 34 0.00081632653061224471
49 34 0.0010884353741496596
50 34 0.00081632653061224504
63 34 0.0002721088435374149
64 34 0.00036281179138321991
65 34 0.00027210884353741512
3 35 9.0702947845805004e-05
4 35 0.00027210884353741512
5 35 0.0010884353741496603
6 35 0.00027210884353741501
7 35 9.0702947845805045e-05
18 35 0.00027210884353741501
19 35 0.00081632653061224536
20 35 0.0032653061224489819
21 35 0.00081632653061224493
22 35 0.00027210884353741512
33 35 0.0010884353741496596
34 35 0.003265306122448981
35 35 0.013061224489795922
36 35 0.0032653061224489788
37 35 0.0010884353741496603
48 35 0.0002721088435374149
49 35 0.00081632653061224493
50 35 0.0032653061224489797
51 35 0.0008163265306122446
52 35 0.00027210884353741501
63 35 9.0702947845804977e-05
64 35 0.00027210884353741512
65 35 0.00108843537414966
66 35 0.00027210884353741485
67 35 9.0702947845805018e-05
5 36 0.00027210884353741501
6 36 0.00036281179138322018
7 36 0.00027210884353741512
20 36 0.00081632653061224493
21 36 0.0010884353741496605
22 36 0.00081632653061224504
35 36 0.0032653061224489788
36 36 0.0043537414965986411
37 36 0.0032653061224489797
50 36 0.0008163265306122446
51 36 0.00108843537414966
52 36 0.00081632653061224482
65 36 0.00027210884353741485
66 36 0.00036281179138322007
67 36 0.00027210884353741501
5 37 9.0702947845805045e-05
6 37 0.00027210884353741512
7 37 0.001088435374149659
8 37 0.0002721088435374149
9 37 9.0702947845805004e-05
20 37 0.00027210884353741512
21 37 0.00081632653061224504
22 37 0.0032653061224489788
23 37 0.00081632653061224471
24 37 0.00027210884353741501
35 37 0.0010884353741496603
36 37 0.0032653061224489793
37 37 0.013061224489795907
38 37 0.003265306122448978
39 37 0.0010884353741496596
50 37 0.00027210884353741501
51 37 0.00081632653061224471
52 37 0.0032653061224489762
53 37 0.00081632653061224439
54 37 0.0002721088435374149
65 37 9.0702947845805018e-05
66 37 0.00027210884353741501
67 37 0.0010884353741496585
68 37 0.00027210884353741485
69 37 9.0702947845804977e-05
7 38 0.0002721088435374149
8 38 0.00036281179138322002
9 38 0.00027210884353741545
22 38 0.00081632653061224471
23 38 0.00108843537414966
24 38 0.00081632653061224612
37 38 0.003265306122448978
38 38 0.0043537414965986385
39 38 0.003265306122448984
52 38 0.00081632653061224439
53 38 0.0010884353741496596
54 38 0.0008163265306122459
67 38 0.00027210884353741485
68 38 0.00036281179138321991
69 38 0.00027210884353741534
7 39 9.0702947845805004e-05
8 39 0.00027210884353741545
9 39 0.0010884353741496603
10 39 0.00027210884353741474
11 39 9.0702947845805085e-05
22 39 0.00027210884353741501
23 39 0.00081632653061224612
24 39 0.0032653061224489806
25 39 0.00081632653061224395
26 39 0.00027210884353741528
37 39 0.0010884353741496596
38 39 0.003265306122448984
39 39 0.013061224489795922
40 39 0.0032653061224489749
41 39 0.0010884353741496603
52 39 0.0002721088435374149
53 39 0.0008163265306122459
54 39 0.0032653061224489793
55 39 0.00081632653061224363
56 39 0.00027210884353741523
67 39 9.0702947845804977e-05
68 39 0.00027210884353741534
69 39 0.0010884353741496598
70 39 0.00027210884353741469
71 39 9.0702947845805058e-05
9 40 0.00027210884353741474
10 40 0.00036281179138322034
11 40 0.00027210884353741539
24 40 0.00081632653061224384
25 40 0.0010884353741496611
26 40 0.0008163265306122459
39 40 0.0032653061224489749
40 40 0.0043537414965986411
41 40 0.0032653061224489836
54 40 0.00081632653061224363
55 40 0.0010884353741496609
56 40 0.00081632653061224569
69 40 0.00027210884353741469
70 40 0.00036281179138322023
71 40 0.00027210884353741523
9 41 9.0702947845805085e-05
10 41 0.00027210884353741534
11 41 0.0010884353741496594
12 41 0.0002721088435374148
13 41 9.0702947845804977e-05
24 41 0.00027210884353741528
25 41 0.0008163265306122459
26 41 0.0032653061224489793
27 41 0.00081632653061224449
28 41 0.00027210884353741496
39 41 0.0010884353741496603
40 41 0.0032653061224489832
41 41 0.013061224489795917
42 41 0.0032653061224489762
43 41 0.0010884353741496596
54 41 0.00027210884353741523
55 41 0.00081632653061224569
56 41 0.0032653061224489788
57 41 0.00081632653061224417
58 41 0.0002721088435374149
69 41 9.0702947845805058e-05
70 41 0.00027210884353741523
71 41 0.0010884353741496592
72 41 0.00027210884353741474
73 41 9.0702947845804963e-05
11 42 0.0002721088435374148
12 42 0.00036281179138321991
13 42 0.00027210884353741534
26 42 0.00081632653061224449
27 42 0.0010884353741496598
28 42 0.00081632653061224569
41 42 0.0032653061224489762
42 42 0.0043537414965986367
43 42 0.0032653061224489819
56 42 0.00081632653061224417
57 42 0.0010884353741496596
58 42 0.00081632653061224547
71 42 0.00027210884353741474
72 42 0.00036281179138321985
73 42 0.00027210884353741512
11 43 9.0702947845804977e-05
12 43 0.00027210884353741534
13 43 0.0010884353741496592
14 43 0.0002721088435374149
15 43 9.0702947845805004e-05
26 43 0.00027210884353741496
27 43 0.00081632653061224569
28 43 0.0032653061224489797
29 43 0.00081632653061224471
30 43 0.00027210884353741501
41 43 0.0010884353741496596
42 43 0.0032653061224489819
43 43 0.013061224489795919
44 43 0.0032653061224489771
45 43 0.0010884353741496596
56 43 0.0002721088435374149
57 43 0.00081632653061224547
58 43 0.0032653061224489788
59 43 0.00081632653061224449
60 43 0.00027210884353741496
71 43 9.0702947845804963e-05
72 43 0.00027210884353741512
73 43 0.001088435374149659
74 43 0.00027210884353741485
75 43 9.0702947845804977e-05
13 44 0.0002721088435374149
14 44 0.00036281179138322002
15 44 0.00027210884353741561
28 44 0.00081632653061224471
29 44 0.00108843537414966
30 44 0.00081632653061224645
43 44 0.0032653061224489771
44 44 0.0043537414965986367
45 44 0.0032653061224489854
58 44 0.00081632653061224449
59 44 0.0010884353741496598
60 44 0.00081632653061224634
73 44 0.00027210884353741485
74 44 0.00036281179138321991
75 44 0.00027210884353741539
13 45 9.0702947845805004e-05
14 45 0.00027210884353741561
15 45 0.00054421768707482959
28 45 0.00027210884353741501
29 45 0.00081632653061224645
30 45 0.001632653061224489
43 45 0.0010884353741496596
44 45 0.0032653061224489854
45 45 0.0065306122448979551
58 45 0.00027210884353741496
59 45 0.00081632653061224634
60 45 0.0016326530612244883
73 45 9.0702947845804977e-05
74 45 0.00027210884353741545
75 45 0.00054421768707482937
31 46 0.0016326530612244896
32 46 0.00081632653061224504
33 46 0.00027210884353741496
46 46 0.0021768707482993192
47 46 0.0010884353741496598
48 46 0.00036281179138322002
61 46 0.0016326530612244905
62 46 0.00081632653061224547
63 46 0.00027210884353741523
31 47 0.00081632653061224504
32 47 0.0010884353741496598
33 47 0.00081632653061224482
46 47 0.0010884353741496598
47 47 0.0014512471655328801
48 47 0.0010884353741496598
61 47 0.00081632653061224547
62 47 0.0010884353741496609
63 47 0.00081632653061224558
31 48 0.00027210884353741496
32 48 0.00081632653061224482
33 48 0.0032653061224489793
34 48 0.00081632653061224471
35 48 0.0002721088435374149
46 48 0.00036281179138322002
47 48 0.0010884353741496598
48 48 0.0043537414965986385
49 48 0.0010884353741496598
50 48 0.00036281179138321991
61 48 0.00027210884353741523
62 48 0.00081632653061224547
63 48 0.0032653061224489819
64 48 0.00081632653061224536
65 48 0.00027210884353741512
33 49 0.00081632653061224471
34 49 0.0010884353741496596
35 49 0.00081632653061224493
48 49 0.0010884353741496596
49 49 0.0014512471655328796
50 49 0.0010884353741496603
63 49 0.00081632653061224536
64 49 0.0010884353741496607
65 49 0.0008163265306122458
33 50 0.0002721088435374149
34 50 0.00081632653061224504
35 50 0.0032653061224489806
36 50 0.0008163265306122446
37 50 0.00027210884353741501
48 50 0.00036281179138321991
49 50 0.0010884353741496605
50 50 0.0043537414965986402
51 50 0.0010884353741496598
52 50 0.00036281179138322007
63 50 0.00027210884353741517
64 50 0.0008163265306122458
65 50 0.0032653061224489827
66 50 0.00081632653061224515
67 50 0.00027210884353741523
35 51 0.0008163265306122446
36 51 0.00108843537414966
37 51 0.00081632653061224471
50 51 0.0010884353741496594
51 51 0.0014512471655328803
52 51 0.00108843537414966
65 51 0.00081632653061224515
66 51 0.0010884353741496609
67 51 0.00081632653061224536
35 52 0.00027210884353741501
36 52 0.00081632653061224482
37 52 0.0032653061224489771
38 52 0.00081632653061224439
39 52 0.0002721088435374149
50 52 0.00036281179138322007
51 52 0.00108843537414966
52 52 0.0043537414965986341
53 52 0.0010884353741496596
54 52 0.00036281179138321991
65 52 0.00027210884353741523
66 52 0.00081632653061224547
67 52 0.0032653061224489797
68 52 0.00081632653061224504
69 52 0.00027210884353741512
37 53 0.00081632653061224439
38 53 0.0010884353741496596
39 53 0.0008163265306122459
52 53 0.0010884353741496594
53 53 0.0014512471655328796
54 53 0.0010884353741496613
67 53 0.00081632653061224504
68 53 0.0010884353741496607
69 53 0.00081632653061224645
37 54 0.0002721088435374149
38 54 0.0008163265306122459
39 54 0.0032653061224489788
40 54 0.00081632653061224363
41 54 0.00027210884353741523
52 54 0.00036281179138321991
53 54 0.0010884353741496611
54 54 0.0043537414965986393
55 54 0.0010884353741496587
56 54 0.00036281179138322023
67 54 0.00027210884353741517
68 54 0.00081632653061224645
69 54 0.003265306122448981
70 54 0.00081632653061224417
71 54 0.00027210884353741534
39 55 0.00081632653061224363
40 55 0.0010884353741496609
41 55 0.00081632653061224569
54 55 0.0010884353741496587
55 55 0.0014512471655328809
56 55 0.0010884353741496613
69 55 0.00081632653061224428
70 55 0.0010884353741496613
71 55 0.00081632653061224612
39 56 0.00027210884353741523
40 56 0.00081632653061224569
41 56 0.0032653061224489784
42 56 0.00081632653061224417
43 56 0.0002721088435374149
54 56 0.00036281179138322023
55 56 0.0010884353741496609
56 56 0.0043537414965986367
57 56 0.001088435374149659
58 56 0.00036281179138321985
69 56 0.00027210884353741534
70 56 0.00081632653061224612
71 56 0.0032653061224489801
72 56 0.00081632653061224482
73 56 0.00027210884353741512
41 57 0.00081632653061224417
42 57 0.0010884353741496594
43 57 0.00081632653061224547
56 57 0.001088435374149659
57 57 0.0014512471655328794
58 57 0.0010884353741496605
71 57 0.00081632653061224482
72 57 0.00108843537414966
73 57 0.00081632653061224601
41 58 0.00027210884353741485
42 58 0.00081632653061224547
43 58 0.0032653061224489788
44 58 0.00081632653061224439
45 58 0.00027210884353741496
56 58 0.00036281179138321985
57 58 0.0010884353741496605
58 58 0.0043537414965986359
59 58 0.0010884353741496594
60 58 0.00036281179138321991
71 58 0.00027210884353741512
72 58 0.0008163265306122459
73 58 0.003265306122448981
74 58 0.00081632653061224504
75 58 0.00027210884353741517
43 59 0.00081632653061224439
44 59 0.0010884353741496598
45 59 0.00081632653061224623
58 59 0.0010884353741496594
59 59 0.0014512471655328796
60 59 0.0010884353741496618
73 59 0.00081632653061224504
74 59 0.0010884353741496605
75 59 0.00081632653061224677
43 60 0.00027210884353741496
44 60 0.00081632653061224623
45 60 0.0016326530612244883
58 60 0.00036281179138321991
59 60 0.0010884353741496618
60 60 0.0021768707482993175
73 60 0.00027210884353741517
74 60 0.00081632653061224677
75 60 0.0016326530612244892
31 61 0.0005442176870748297
32 61 0.00027210884353741496
33 61 9.0702947845805004e-05
46 61 0.0016326530612244905
47 61 0.00081632653061224547
48 61 0.00027210884353741523
61 61 0.0065306122448979603
62 61 0.003265306122448981
63 61 0.00108843537414966
76 61 0.0016326530612244894
77 61 0.00081632653061224493
78 61 0.00027210884353741501
91 61 0.00054421768707482981
92 61 0.00027210884353741507
93 61 9.0702947845805031e-05
31 62 0.00027210884353741496
32 62 0.00036281179138322002
33 62 0.0002721088435374149
46 62 0.00081632653061224547
47 62 0.0010884353741496609
48 62 0.00081632653061224547
61 62 0.003265306122448981
62 62 0.0043537414965986411
63 62 0.0032653061224489814
76 62 0.00081632653061224493
77 62 0.0010884353741496603
78 62 0.00081632653061224482
91 62 0.00027210884353741507
92 62 0.00036281179138322012
93 62 0.00027210884353741507
31 63 9.0702947845805004e-05
32 63 0.00027210884353741496
33 63 0.0010884353741496596
34 63 0.0002721088435374149
35 63 9.0702947845804977e-05
46 63 0.00027210884353741523
47 63 0.00081632653061224547
48 63 0.0032653061224489814
49 63 0.00081632653061224536
50 63 0.00027210884353741512
61 63 0.00108843537414966
62 63 0.0032653061224489814
63 63 0.013061224489795924
64 63 0.0032653061224489801
65 63 0.00108843537414966
76 63 0.00027210884353741501
77 63 0.00081632653061224482
78 63 0.0032653061224489788
79 63 0.0008163265306122446
80 63 0.00027210884353741485
91 63 9.0702947845805031e-05
92 63 0.00027210884353741507
93 63 0.0010884353741496603
94 63 0.00027210884353741501
95 63 9.0702947845805004e-05
33 64 0.0002721088435374149
34 64 0.00036281179138321991
35 64 0.00027210884353741507
48 64 0.00081632653061224536
49 64 0.0010884353741496607
50 64 0.0008163265306122458
63 64 0.0032653061224489801
64 64 0.0043537414965986402
65 64 0.0032653061224489823
78 64 0.0008163265306122446
79 64 0.0010884353741496594
80 64 0.00081632653061224525
93 64 0.00027210884353741501
94 64 0.00036281179138322002
95 64 0.00027210884353741517
33 65 9.0702947845804977e-05
34 65 0.00027210884353741512
35 65 0.00108843537414966
36 65 0.00027210884353741485
37 65 9.0702947845805018e-05
48 65 0.00027210884353741512
49 65 0.0008163265306122458
50 65 0.0032653061224489827
51 65 0.00081632653061224515
52 65 0.00027210884353741523
63 65 0.00108843537414966
64 65 0.0032653061224489819
65 65 0.013061224489795929
66 65 0.0032653061224489797
67 65 0.0010884353741496605
78 65 0.00027210884353741485
79 65 0.00081632653061224515
80 65 0.0032653061224489797
81 65 0.0008163265306122446
82 65 0.00027210884353741501
93 65 9.0702947845805004e-05
94 65 0.00027210884353741517
95 65 0.0010884353741496607
96 65 0.00027210884353741501
97 65 9.0702947845805031e-05
35 66 0.0002721088435374148
36 66 0.00036281179138322007
37 66 0.00027210884353741501
50 66 0.00081632653061224515
51 66 0.0010884353741496609
52 66 0.00081632653061224547
65 66 0.0032653061224489806
66 66 0.0043537414965986428
67 66 0.0032653061224489814
80 66 0.0008163265306122446
81 66 0.00108843537414966
82 66 0.00081632653061224482
95 66 0.00027210884353741501
96 66 0.00036281179138322012
97 66 0.00027210884353741507
35 67 9.0702947845805018e-05
36 67 0.00027210884353741501
37 67 0.0010884353741496585
38 67 0.00027210884353741485
39 67 9.0702947845804977e-05
50 67 0.00027210884353741523
51 67 0.00081632653061224558
52 67 0.0032653061224489797
53 67 0.00081632653061224504
54 67 0.00027210884353741512
65 67 0.0010884353741496605
66 67 0.003265306122448981
67 67 0.013061224489795917
68 67 0.0032653061224489784
69 67 0.00108843537414966
80 67 0.00027210884353741501
81 67 0.00081632653061224471
82 67 0.0032653061224489767
83 67 0.00081632653061224428
84 67 0.00027210884353741485
95 67 9.0702947845805031e-05
96 67 0.00027210884353741507
97 67 0.0010884353741496592
98 67 0.00027210884353741496
99 67 9.0702947845805004e-05
37 68 0.00027210884353741485
38 68 0.00036281179138321991
39 68 0.00027210884353741534
52 68 0.00081632653061224504
53 68 0.0010884353741496607
54 68 0.00081632653061224645
67 68 0.0032653061224489793
68 68 0.0043537414965986411
69 68 0.0032653061224489849
82 68 0.00081632653061224428
83 68 0.0010884353741496594
84 68 0.0008163265306122459
97 68 0.00027210884353741496
98 68 0.00036281179138322002
99 68 0.0002721088435374155
37 69 9.0702947845804977e-05
38 69 0.00027210884353741534
39 69 0.0010884353741496598
40 69 0.00027210884353741469
41 69 9.0702947845805058e-05
52 69 0.00027210884353741512
53 69 0.00081632653061224645
54 69 0.003265306122448981
55 69 0.00081632653061224417
56 69 0.00027210884353741534
67 69 0.00108843537414966
68 69 0.0032653061224489849
69 69 0.013061224489795922
70 69 0.0032653061224489762
71 69 0.0010884353741496609
82 69 0.00027210884353741485
83 69 0.0008163265306122459
84 69 0.0032653061224489788
85 69 0.00081632653061224363
86 69 0.00027210884353741512
97 69 9.0702947845805004e-05
98 69 0.0002721088435374155
99 69 0.0010884353741496603
100 69 0.0002721088435374148
101 69 9.0702947845805085e-05
39 70 0.00027210884353741469
40 70 0.00036281179138322023
41 70 0.00027210884353741523
54 70 0.00081632653061224417
55 70 0.0010884353741496613
56 70 0.00081632653061224612
69 70 0.0032653061224489762
70 70 0.0043537414965986437
71 70 0.003265306122448984
84 70 0.00081632653061224363
85 70 0.0010884353741496605
86 70 0.00081632653061224558
99 70 0.0002721088435374148
100 70 0.00036281179138322034
101 70 0.00027210884353741539
39 71 9.0702947845805058e-05
40 71 0.00027210884353741523
41 71 0.0010884353741496592
42 71 0.00027210884353741474
43 71 9.0702947845804963e-05
54 71 0.00027210884353741534
55 71 0.00081632653061224612
56 71 0.0032653061224489801
57 71 0.00081632653061224482
58 71 0.00027210884353741512
69 71 0.0010884353741496609
70 71 0.0032653061224489849
71 71 0.013061224489795921
72 71 0.0032653061224489775
73 71 0.00108843537414966
84 71 0.00027210884353741512
85 71 0.00081632653061224558
86 71 0.0032653061224489775
87 71 0.00081632653061224417
88 71 0.0002721088435374148
99 71 9.0702947845805085e-05
100 71 0.00027210884353741539
101 71 0.0010884353741496598
102 71 0.00027210884353741485
103 71 9.0702947845804991e-05
41 72 0.00027210884353741474
42 72 0.00036281179138321985
43 72 0.00027210884353741512
56 72 0.00081632653061224482
57 72 0.0010884353741496603
58 72 0.00081632653061224601
71 72 0.0032653061224489775
72 72 0.0043537414965986393
73 72 0.0032653061224489832
86 72 0.00081632653061224417
87 72 0.001088435374149659
88 72 0.00081632653061224525
101 72 0.00027210884353741485
102 72 0.00036281179138321985
103 72 0.00027210884353741528
41 73 9.0702947845804963e-05
42 73 0.00027210884353741512
43 73 0.001088435374149659
44 73 0.00027210884353741485
45 73 9.0702947845804977e-05
56 73 0.00027210884353741512
57 73 0.0008163265306122459
58 73 0.003265306122448981
59 73 0.00081632653061224504
60 73 0.00027210884353741517
71 73 0.00108843537414966
72 73 0.0032653061224489832
73 73 0.013061224489795921
74 73 0.0032653061224489788
75 73 0.00108843537414966
86 73 0.0002721088435374148
87 73 0.00081632653061224525
88 73 0.0032653061224489784
89 73 0.00081632653061224428
90 73 0.00027210884353741485
101 73 9.0702947845804991e-05
102 73 0.00027210884353741528
103 73 0.0010884353741496594
104 73 0.00027210884353741496
105 73 9.0702947845805004e-05
43 74 0.00027210884353741485
44 74 0.00036281179138321991
45 74 0.00027210884353741539
58 74 0.00081632653061224504
59 74 0.0010884353741496605
60 74 0.00081632653061224677
73 74 0.0032653061224489788
74 74 0.0043537414965986393
75 74 0.0032653061224489867
88 74 0.00081632653061224428
89 74 0.0010884353741496592
90 74 0.00081632653061224601
103 74 0.00027210884353741496
104 74 0.00036281179138321996
105 74 0.0002721088435374155
43 75 9.0702947845804977e-05
44 75 0.00027210884353741545
45 75 0.00054421768707482937
58 75 0.00027210884353741517
59 75 0.00081632653061224677
60 75 0.0016326530612244892
73 75 0.00108843537414966
74 75 0.0032653061224489867
75 75 0.0065306122448979568
88 75 0.00027210884353741485
89 75 0.00081632653061224601
90 75 0.0016326530612244883
103 75 9.0702947845804991e-05
104 75 0.0002721088435374155
105 75 0.00054421768707482959
61 76 0.0016326530612244894
62 76 0.00081632653061224493
63 76 0.00027210884353741501
76 76 0.0021768707482993197
77 76 0.0010884353741496603
78 76 0.00036281179138322012
91 76 0.0016326530612244899
92 76 0.00081632653061224525
93 76 0.00027210884353741512
61 77 0.00081632653061224493
62 77 0.00108843537414966
63 77 0.00081632653061224471
76 77 0.0010884353741496605
77 77 0.0014512471655328805
78 77 0.0010884353741496605
91 77 0.00081632653061224525
92 77 0.0010884353741496605
93 77 0.00081632653061224515
61 78 0.00027210884353741501
62 78 0.00081632653061224471
63 78 0.0032653061224489788
64 78 0.0008163265306122446
65 78 0.00027210884353741485
76 78 0.00036281179138322012
77 78 0.0010884353741496603
78 78 0.0043537414965986411
79 78 0.00108843537414966
80 78 0.00036281179138322002
91 78 0.00027210884353741512
92 78 0.00081632653061224504
93 78 0.0032653061224489806
94 78 0.00081632653061224515
95 78 0.00027210884353741501
63 79 0.0008163265306122446
64 79 0.0010884353741496594
65 79 0.00081632653061224493
78 79 0.00108843537414966
79 79 0.0014512471655328801
80 79 0.0010884353741496607
93 79 0.00081632653061224515
94 79 0.00108843537414966
95 79 0.00081632653061224558
63 80 0.00027210884353741485
64 80 0.00081632653061224515
65 80 0.0032653061224489797
66 80 0.0008163265306122446
67 80 0.00027210884353741501
78 80 0.00036281179138322002
79 80 0.0010884353741496607
80 80 0.0043537414965986428
81 80 0.0010884353741496603
82 80 0.00036281179138322012
93 80 0.00027210884353741501
94 80 0.00081632653061224558
95 80 0.003265306122448981
96 80 0.00081632653061224493
97 80 0.00027210884353741512
65 81 0.0008163265306122446
66 81 0.00108843537414966
67 81 0.00081632653061224471
80 81 0.00108843537414966
81 81 0.0014512471655328805
82 81 0.0010884353741496603
95 81 0.00081632653061224493
96 81 0.0010884353741496605
97 81 0.00081632653061224536
65 82 0.00027210884353741501
66 82 0.00081632653061224482
67 82 0.0032653061224489767
68 82 0.00081632653061224428
69 82 0.00027210884353741485
80 82 0.00036281179138322012
81 82 0.0010884353741496605
82 82 0.0043537414965986367
83 82 0.0010884353741496598
84 82 0.00036281179138322002
95 82 0.00027210884353741512
96 82 0.00081632653061224536
97 82 0.0032653061224489784
98 82 0.00081632653061224482
99 82 0.00027210884353741501
67 83 0.00081632653061224428
68 83 0.0010884353741496594
69 83 0.0008163265306122459
82 83 0.0010884353741496598
83 83 0.0014512471655328801
84 83 0.001088435374149662
97 83 0.00081632653061224482
98 83 0.00108843537414966
99 83 0.00081632653061224623
67 84 0.00027210884353741485
68 84 0.0008163265306122459
69 84 0.0032653061224489788
70 84 0.00081632653061224363
71 84 0.00027210884353741512
82 84 0.00036281179138322002
83 84 0.0010884353741496618
84 84 0.0043537414965986411
85 84 0.001088435374149659
86 84 0.00036281179138322034
97 84 0.00027210884353741501
98 84 0.00081632653061224623
99 84 0.0032653061224489797
100 84 0.00081632653061224384
101 84 0.00027210884353741523
69 85 0.00081632653061224363
70 85 0.0010884353741496605
71 85 0.00081632653061224558
84 85 0.0010884353741496592
85 85 0.0014512471655328814
86 85 0.0010884353741496616
99 85 0.00081632653061224395
100 85 0.0010884353741496609
101 85 0.0008163265306122459
69 86 0.00027210884353741512
70 86 0.00081632653061224558
71 86 0.003265306122448978
72 86 0.00081632653061224417
73 86 0.0002721088435374148
84 86 0.00036281179138322034
85 86 0.0010884353741496616
86 86 0.0043537414965986393
87 86 0.0010884353741496596
88 86 0.00036281179138321996
99 86 0.00027210884353741523
100 86 0.0008163265306122459
101 86 0.0032653061224489793
102 86 0.00081632653061224439
103 86 0.00027210884353741507
71 87 0.00081632653061224417
72 87 0.001088435374149659
73 87 0.00081632653061224525
86 87 0.0010884353741496596
87 87 0.0014512471655328798
88 87 0.0010884353741496611
101 87 0.00081632653061224439
102 87 0.0010884353741496596
103 87 0.0008163265306122458
71 88 0.00027210884353741474
72 88 0.00081632653061224525
73 88 0.0032653061224489788
74 88 0.00081632653061224428
75 88 0.00027210884353741485
86 88 0.00036281179138321996
87 88 0.0010884353741496611
88 88 0.0043537414965986376
89 88 0.0010884353741496598
90 88 0.00036281179138322002
101 88 0.00027210884353741507
102 88 0.0008163265306122458
103 88 0.0032653061224489801
104 88 0.00081632653061224471
105 88 0.00027210884353741512
73 89 0.00081632653061224428
74 89 0.0010884353741496594
75 89 0.00081632653061224601
88 89 0.0010884353741496598
89 89 0.0014512471655328798
90 89 0.0010884353741496624
103 89 0.00081632653061224471
104 89 0.00108843537414966
105 89 0.00081632653061224645
73 90 0.00027210884353741485
74 90 0.00081632653061224601
75 90 0.0016326530612244881
88 90 0.00036281179138322002
89 90 0.0010884353741496624
90 90 0.0021768707482993192
103 90 0.00027210884353741512
104 90 0.00081632653061224645
105 90 0.0016326530612244888
61 91 0.00054421768707482992
62 91 0.00027210884353741507
63 91 9.0702947845805031e-05
76 91 0.0016326530612244899
77 91 0.00081632653061224525
78 91 0.00027210884353741512
91 91 0.0065306122448979542
92 91 0.0032653061224489775
93 91 0.0010884353741496587
106 91 0.001632653061224489
107 91 0.00081632653061224471
108 91 0.0002721088435374149
121 91 0.0005442176870748297
122 91 0.00027210884353741501
123 91 9.0702947845805004e-05
61 92 0.00027210884353741507
62 92 0.00036281179138322012
63 92 0.00027210884353741507
76 92 0.00081632653061224525
77 92 0.0010884353741496605
78 92 0.00081632653061224504
91 92 0.0032653061224489775
92 92 0.0043537414965986359
93 92 0.0032653061224489775
106 92 0.00081632653061224471
107 92 0.0010884353741496596
108 92 0.0008163265306122446
121 92 0.00027210884353741496
122 92 0.00036281179138322002
123 92 0.00027210884353741496
61 93 9.0702947845805031e-05
62 93 0.00027210884353741507
63 93 0.0010884353741496603
64 93 0.00027210884353741501
65 93 9.0702947845805004e-05
76 93 0.00027210884353741512
77 93 0.00081632653061224504
78 93 0.0032653061224489801
79 93 0.00081632653061224515
80 93 0.00027210884353741501
91 93 0.001088435374149659
92 93 0.0032653061224489775
93 93 0.01306122448979591
94 93 0.0032653061224489775
95 93 0.0010884353741496585
106 93 0.0002721088435374149
107 93 0.0008163265306122446
108 93 0.0032653061224489775
109 93 0.0008163265306122446
110 93 0.00027210884353741485
121 93 9.0702947845805004e-05
122 93 0.00027210884353741496
123 93 0.0010884353741496598
124 93 0.00027210884353741496
125 93 9.0702947845804977e-05
63 94 0.00027210884353741501
64 94 0.00036281179138322002
65 94 0.00027210884353741517
78 94 0.00081632653061224515
79 94 0.00108843537414966
80 94 0.00081632653061224558
93 94 0.0032653061224489775
94 94 0.0043537414965986341
95 94 0.0032653061224489793
108 94 0.0008163265306122446
109 94 0.0010884353741496594
110 94 0.00081632653061224493
123 94 0.00027210884353741496
124 94 0.00036281179138321991
125 94 0.00027210884353741512
63 95 9.0702947845805004e-05
64 95 0.00027210884353741517
65 95 0.0010884353741496607
66 95 0.00027210884353741501
67 95 9.0702947845805031e-05
78 95 0.00027210884353741501
79 95 0.00081632653061224558
80 95 0.0032653061224489819
81 95 0.00081632653061224493
82 95 0.00027210884353741512
93 95 0.0010884353741496585
94 95 0.0032653061224489784
95 95 0.013061224489795915
96 95 0.0032653061224489767
97 95 0.0010884353741496594
108 95 0.00027210884353741485
109 95 0.00081632653061224493
110 95 0.0032653061224489788
111 95 0.00081632653061224439
112 95 0.0002721088435374149
123 95 9.0702947845804977e-05
124 95 0.00027210884353741512
125 95 0.0010884353741496603
126 95 0.00027210884353741485
127 95 9.0702947845805018e-05
65 96 0.00027210884353741501
66 96 0.00036281179138322012
67 96 0.00027210884353741507
80 96 0.00081632653061224482
81 96 0.0010884353741496605
82 96 0.00081632653061224536
95 96 0.0032653061224489767
96 96 0.0043537414965986376
97 96 0.0032653061224489771
110 96 0.00081632653061224439
111 96 0.0010884353741496596
112 96 0.0008163265306122446
125 96 0.00027210884353741485
126 96 0.00036281179138322007
127 96 0.00027210884353741501
65 97 9.0702947845805031e-05
66 97 0.00027210884353741507
67 97 0.0010884353741496592
68 97 0.00027210884353741496
69 97 9.0702947845805004e-05
80 97 0.00027210884353741512
81 97 0.00081632653061224536
82 97 0.003265306122448978
83 97 0.00081632653061224482
84 97 0.00027210884353741501
95 97 0.0010884353741496594
96 97 0.0032653061224489767
97 97 0.013061224489795898
98 97 0.0032653061224489754
99 97 0.0010884353741496587
110 97 0.0002721088435374149
111 97 0.00081632653061224471
112 97 0.0032653061224489754
113 97 0.00081632653061224417
114 97 0.00027210884353741485
125 97 9.0702947845805018e-05
126 97 0.00027210884353741501
127 97 0.0010884353741496585
128 97 0.00027210884353741485
129 97 9.0702947845804977e-05
67 98 0.00027210884353741496
68 98 0.00036281179138322002
69 98 0.0002721088435374155
82 98 0.00081632653061224482
83 98 0.00108843537414966
84 98 0.00081632653061224623
97 98 0.0032653061224489754
98 98 0.004353741496598635
99 98 0.0032653061224489819
112 98 0.00081632653061224417
113 98 0.0010884353741496594
114 98 0.00081632653061224569
127 98 0.00027210884353741485
128 98 0.00036281179138321991
129 98 0.00027210884353741534
