# Created by Octave 5.2.0, Tue Oct 26 13:25:54 2021 CEST <omen@omen-linux>
# name: ans
# type: sparse matrix
# nnz: 3249
# rows: 225
# columns: 225
1 1 0.0032653061224489788
2 1 0.0016326530612244899
3 1 0.00054421768707482981
16 1 0.0016326530612244899
17 1 0.00081632653061224504
18 1 0.00027210884353741496
31 1 0.00054421768707482981
32 1 0.00027210884353741507
33 1 9.0702947845805031e-05
1 2 0.0016326530612244899
2 2 0.0021768707482993192
3 2 0.0016326530612244899
16 2 0.00081632653061224504
17 2 0.0010884353741496598
18 2 0.00081632653061224493
31 2 0.00027210884353741501
32 2 0.00036281179138322012
33 2 0.00027210884353741507
1 3 0.00054421768707482981
2 3 0.0016326530612244899
3 3 0.0065306122448979568
4 3 0.0016326530612244896
5 3 0.0005442176870748297
16 3 0.00027210884353741496
17 3 0.00081632653061224493
18 3 0.0032653061224489797
19 3 0.00081632653061224493
20 3 0.0002721088435374149
31 3 9.0702947845805031e-05
32 3 0.00027210884353741507
33 3 0.0010884353741496598
34 3 0.00027210884353741501
35 3 9.0702947845805004e-05
3 4 0.0016326530612244894
4 4 0.0021768707482993188
5 4 0.0016326530612244903
18 4 0.00081632653061224493
19 4 0.0010884353741496596
20 4 0.00081632653061224515
33 4 0.00027210884353741501
34 4 0.00036281179138322002
35 4 0.00027210884353741512
3 5 0.0005442176870748297
4 5 0.0016326530612244903
5 5 0.0065306122448979594
6 5 0.0016326530612244894
7 5 0.00054421768707482992
18 5 0.0002721088435374149
19 5 0.00081632653061224525
20 5 0.0032653061224489806
21 5 0.00081632653061224471
22 5 0.00027210884353741507
33 5 9.0702947845805004e-05
34 5 0.00027210884353741512
35 5 0.0010884353741496603
36 5 0.00027210884353741501
37 5 9.0702947845805045e-05
5 6 0.0016326530612244894
6 6 0.0021768707482993197
7 6 0.0016326530612244894
20 6 0.00081632653061224471
21 6 0.0010884353741496603
22 6 0.00081632653061224493
35 6 0.00027210884353741501
36 6 0.00036281179138322018
37 6 0.00027210884353741512
5 7 0.00054421768707482992
6 7 0.0016326530612244894
7 7 0.0065306122448979534
8 7 0.001632653061224489
9 7 0.00054421768707482981
20 7 0.00027210884353741507
21 7 0.00081632653061224493
22 7 0.0032653061224489771
23 7 0.00081632653061224471
24 7 0.0002721088435374149
35 7 9.0702947845805045e-05
36 7 0.00027210884353741507
37 7 0.0010884353741496585
38 7 0.0002721088435374149
39 7 9.0702947845805004e-05
7 8 0.001632653061224489
8 8 0.0021768707482993192
9 8 0.001632653061224492
22 8 0.00081632653061224471
23 8 0.0010884353741496596
24 8 0.00081632653061224612
37 8 0.0002721088435374149
38 8 0.00036281179138322002
39 8 0.00027210884353741545
7 9 0.00054421768707482981
8 9 0.001632653061224492
9 9 0.0065306122448979586
10 9 0.001632653061224487
11 9 0.00054421768707483024
22 9 0.0002721088435374149
23 9 0.00081632653061224612
24 9 0.0032653061224489801
25 9 0.00081632653061224384
26 9 0.00027210884353741523
37 9 9.0702947845805004e-05
38 9 0.00027210884353741545
39 9 0.0010884353741496603
40 9 0.00027210884353741474
41 9 9.0702947845805085e-05
9 10 0.001632653061224487
10 10 0.002176870748299321
11 10 0.0016326530612244916
24 10 0.00081632653061224384
25 10 0.0010884353741496609
26 10 0.0008163265306122458
39 10 0.00027210884353741474
40 10 0.00036281179138322034
41 10 0.00027210884353741539
9 11 0.00054421768707483024
10 11 0.0016326530612244914
11 11 0.0065306122448979551
12 11 0.0016326530612244881
13 11 0.0005442176870748297
24 11 0.00027210884353741523
25 11 0.0008163265306122458
26 11 0.0032653061224489784
27 11 0.00081632653061224417
28 11 0.00027210884353741485
39 11 9.0702947845805085e-05
40 11 0.00027210884353741539
41 11 0.0010884353741496594
42 11 0.0002721088435374148
43 11 9.0702947845804977e-05
11 12 0.0016326530612244881
12 12 0.0021768707482993188
13 12 0.0016326530612244907
26 12 0.00081632653061224417
27 12 0.0010884353741496594
28 12 0.00081632653061224558
41 12 0.0002721088435374148
42 12 0.00036281179138321991
43 12 0.00027210884353741534
11 13 0.0005442176870748297
12 13 0.0016326530612244907
13 13 0.006530612244897956
14 13 0.0016326530612244886
15 13 0.00054421768707482981
26 13 0.0002721088435374149
27 13 0.00081632653061224558
28 13 0.0032653061224489788
29 13 0.0008163265306122446
30 13 0.00027210884353741496
41 13 9.0702947845804977e-05
42 13 0.00027210884353741534
43 13 0.0010884353741496592
44 13 0.00027210884353741496
45 13 9.0702947845805004e-05
13 14 0.0016326530612244886
14 14 0.0021768707482993192
15 14 0.0016326530612244925
28 14 0.0008163265306122446
29 14 0.0010884353741496598
30 14 0.00081632653061224645
43 14 0.00027210884353741496
44 14 0.00036281179138321996
45 14 0.00027210884353741555
13 15 0.00054421768707482981
14 15 0.0016326530612244925
15 15 0.0032653061224489767
28 15 0.00027210884353741496
29 15 0.00081632653061224645
30 15 0.0016326530612244888
43 15 9.0702947845805004e-05
44 15 0.00027210884353741555
45 15 0.00054421768707482959
1 16 0.0016326530612244899
2 16 0.00081632653061224504
3 16 0.00027210884353741496
16 16 0.0021768707482993192
17 16 0.00108843537414966
18 16 0.00036281179138322012
31 16 0.0016326530612244903
32 16 0.00081632653061224515
33 16 0.00027210884353741512
1 17 0.00081632653061224504
2 17 0.0010884353741496598
3 17 0.00081632653061224493
16 17 0.00108843537414966
17 17 0.0014512471655328805
18 17 0.0010884353741496603
31 17 0.00081632653061224515
32 17 0.0010884353741496605
33 17 0.00081632653061224504
1 18 0.00027210884353741496
2 18 0.00081632653061224493
3 18 0.0032653061224489797
4 18 0.00081632653061224493
5 18 0.0002721088435374149
16 18 0.00036281179138322012
17 18 0.0010884353741496603
18 18 0.0043537414965986402
19 18 0.00108843537414966
20 18 0.00036281179138322002
31 18 0.00027210884353741512
32 18 0.00081632653061224504
33 18 0.0032653061224489806
34 18 0.00081632653061224493
35 18 0.00027210884353741501
3 19 0.00081632653061224493
4 19 0.0010884353741496598
5 19 0.00081632653061224525
18 19 0.00108843537414966
19 19 0.0014512471655328801
20 19 0.0010884353741496609
33 19 0.00081632653061224493
34 19 0.00108843537414966
35 19 0.00081632653061224547
3 20 0.0002721088435374149
4 20 0.00081632653061224515
5 20 0.0032653061224489806
6 20 0.00081632653061224471
7 20 0.00027210884353741507
18 20 0.00036281179138322002
19 20 0.0010884353741496605
20 20 0.0043537414965986411
21 20 0.00108843537414966
22 20 0.00036281179138322018
33 20 0.00027210884353741501
34 20 0.00081632653061224525
35 20 0.0032653061224489819
36 20 0.00081632653061224493
37 20 0.00027210884353741512
5 21 0.00081632653061224482
6 21 0.0010884353741496603
7 21 0.00081632653061224493
20 21 0.00108843537414966
21 21 0.0014512471655328807
22 21 0.0010884353741496605
35 21 0.00081632653061224493
36 21 0.0010884353741496607
37 21 0.00081632653061224504
5 22 0.00027210884353741507
6 22 0.00081632653061224493
7 22 0.0032653061224489771
8 22 0.00081632653061224471
9 22 0.0002721088435374149
20 22 0.00036281179138322018
21 22 0.0010884353741496605
22 22 0.0043537414965986359
23 22 0.0010884353741496596
24 22 0.00036281179138322002
35 22 0.00027210884353741512
36 22 0.00081632653061224504
37 22 0.003265306122448978
38 22 0.00081632653061224471
39 22 0.00027210884353741501
7 23 0.00081632653061224471
8 23 0.0010884353741496598
9 23 0.00081632653061224612
22 23 0.0010884353741496596
23 23 0.0014512471655328801
24 23 0.0010884353741496618
37 23 0.00081632653061224471
38 23 0.00108843537414966
39 23 0.00081632653061224623
7 24 0.0002721088435374149
8 24 0.00081632653061224612
9 24 0.0032653061224489801
10 24 0.00081632653061224384
11 24 0.00027210884353741523
22 24 0.00036281179138322002
23 24 0.0010884353741496618
24 24 0.0043537414965986411
25 24 0.001088435374149659
26 24 0.00036281179138322034
37 24 0.00027210884353741501
38 24 0.00081632653061224612
39 24 0.0032653061224489806
40 24 0.00081632653061224395
41 24 0.00027210884353741523
9 25 0.00081632653061224384
10 25 0.0010884353741496609
11 25 0.0008163265306122458
24 25 0.001088435374149659
25 25 0.0014512471655328814
26 25 0.0010884353741496616
