# Created by Octave 5.2.0, Tue Oct 26 17:52:46 2021 CEST <omen@omen-linux>
# name: ans
# type: sparse matrix
# nnz: 6561
# rows: 441
# columns: 441
1 1 0.0016000000000000001
2 1 0.00080000000000000015
3 1 0.00026666666666666663
22 1 0.00080000000000000004
23 1 0.00040000000000000013
24 1 0.00013333333333333342
43 1 0.00026666666666666679
44 1 0.00013333333333333342
45 1 4.4444444444444453e-05
1 2 0.00080000000000000015
2 2 0.0010666666666666667
3 2 0.00080000000000000015
22 2 0.00040000000000000013
23 2 0.00053333333333333368
24 2 0.00040000000000000018
43 2 0.00013333333333333342
44 2 0.00017777777777777781
45 2 0.00013333333333333337
1 3 0.00026666666666666668
2 3 0.00080000000000000015
3 3 0.0032000000000000002
4 3 0.00079999999999999982
5 3 0.00026666666666666668
22 3 0.00013333333333333342
23 3 0.00040000000000000018
24 3 0.0016000000000000001
25 3 0.00040000000000000002
26 3 0.00013333333333333342
43 3 4.4444444444444453e-05
44 3 0.00013333333333333339
45 3 0.00053333333333333314
46 3 0.00013333333333333342
47 3 4.444444444444446e-05
3 4 0.00079999999999999982
4 4 0.0010666666666666667
5 4 0.00080000000000000058
24 4 0.00040000000000000002
25 4 0.00053333333333333368
26 4 0.0004000000000000004
45 4 0.00013333333333333342
46 4 0.00017777777777777784
47 4 0.00013333333333333348
3 5 0.00026666666666666668
4 5 0.00080000000000000058
5 5 0.003200000000000001
6 5 0.00080000000000000036
7 5 0.00026666666666666679
24 5 0.00013333333333333342
25 5 0.0004000000000000004
26 5 0.0016000000000000012
27 5 0.00040000000000000024
28 5 0.00013333333333333345
45 5 4.444444444444446e-05
46 5 0.00013333333333333348
47 5 0.00053333333333333358
48 5 0.00013333333333333348
49 5 4.4444444444444467e-05
5 6 0.00080000000000000047
6 6 0.0010666666666666674
7 6 0.00080000000000000058
26 6 0.00040000000000000029
27 6 0.0005333333333333339
28 6 0.00040000000000000029
47 6 0.00013333333333333348
48 6 0.00017777777777777789
49 6 0.00013333333333333348
5 7 0.00026666666666666679
6 7 0.00080000000000000058
7 7 0.0032000000000000002
8 7 0.00079999999999999906
9 7 0.00026666666666666657
26 7 0.00013333333333333345
27 7 0.00040000000000000029
28 7 0.0015999999999999996
29 7 0.00039999999999999959
30 7 0.00013333333333333337
47 7 4.4444444444444467e-05
48 7 0.00013333333333333348
49 7 0.00053333333333333314
50 7 0.00013333333333333329
51 7 4.4444444444444433e-05
7 8 0.00079999999999999906
8 8 0.0010666666666666663
9 8 0.0008000000000000008
28 8 0.00039999999999999959
29 8 0.00053333333333333347
30 8 0.00040000000000000034
49 8 0.00013333333333333329
50 8 0.00017777777777777776
51 8 0.00013333333333333348
7 9 0.00026666666666666657
8 9 0.0008000000000000008
9 9 0.003200000000000001
10 9 0.00079999999999999917
11 9 0.00026666666666666679
28 9 0.00013333333333333337
29 9 0.00040000000000000034
30 9 0.0016000000000000005
31 9 0.00039999999999999964
32 9 0.00013333333333333345
49 9 4.4444444444444433e-05
50 9 0.00013333333333333348
51 9 0.00053333333333333336
52 9 0.00013333333333333329
53 9 4.444444444444448e-05
9 10 0.00079999999999999917
10 10 0.0010666666666666672
11 10 0.00080000000000000101
30 10 0.00039999999999999964
31 10 0.00053333333333333379
32 10 0.00040000000000000045
51 10 0.00013333333333333329
52 10 0.00017777777777777792
53 10 0.00013333333333333353
9 11 0.00026666666666666679
10 11 0.00080000000000000091
11 11 0.0031999999999999989
12 11 0.00079999999999999993
13 11 0.00026666666666666722
30 11 0.00013333333333333345
31 11 0.0004000000000000004
32 11 0.0016000000000000001
33 11 0.00040000000000000013
34 11 0.00013333333333333366
51 11 4.444444444444448e-05
52 11 0.00013333333333333353
53 11 0.00053333333333333325
54 11 0.00013333333333333342
55 11 4.4444444444444555e-05
11 12 0.00080000000000000004
12 12 0.0010666666666666689
13 12 0.00080000000000000166
32 12 0.00040000000000000013
33 12 0.00053333333333333466
34 12 0.00040000000000000078
53 12 0.00013333333333333342
54 12 0.00017777777777777822
55 12 0.00013333333333333364
11 13 0.00026666666666666722
12 13 0.00080000000000000166
13 13 0.0031999999999999963
14 13 0.00079999999999999841
15 13 0.00026666666666666679
32 13 0.00013333333333333366
33 13 0.00040000000000000083
34 13 0.0015999999999999981
35 13 0.00039999999999999937
36 13 0.00013333333333333348
53 13 4.4444444444444555e-05
54 13 0.00013333333333333364
55 13 0.00053333333333333271
56 13 0.00013333333333333318
57 13 4.4444444444444467e-05
13 14 0.00079999999999999841
14 14 0.0010666666666666672
15 14 0.00080000000000000156
34 14 0.00039999999999999937
35 14 0.0005333333333333339
36 14 0.00040000000000000078
55 14 0.00013333333333333318
56 14 0.00017777777777777787
57 14 0.00013333333333333361
13 15 0.00026666666666666679
14 15 0.00080000000000000156
15 15 0.0032000000000000041
16 15 0.0007999999999999995
17 15 0.00026666666666666635
34 15 0.00013333333333333348
35 15 0.00040000000000000078
36 15 0.0016000000000000025
37 15 0.00039999999999999986
38 15 0.00013333333333333326
55 15 4.4444444444444467e-05
56 15 0.00013333333333333361
57 15 0.0005333333333333339
58 15 0.00013333333333333334
59 15 4.4444444444444399e-05
15 16 0.0007999999999999995
16 16 0.0010666666666666654
17 16 0.00079999999999999993
36 16 0.00039999999999999986
37 16 0.00053333333333333303
38 16 0.00039999999999999991
57 16 0.00013333333333333334
58 16 0.0001777777777777776
59 16 0.00013333333333333334
15 17 0.00026666666666666635
16 17 0.00079999999999999993
17 17 0.0031999999999999971
18 17 0.00079999999999999874
19 17 0.00026666666666666717
36 17 0.00013333333333333326
37 17 0.00039999999999999991
38 17 0.0015999999999999986
39 17 0.00039999999999999953
40 17 0.00013333333333333366
57 17 4.4444444444444399e-05
58 17 0.00013333333333333334
59 17 0.00053333333333333282
60 17 0.0001333333333333332
61 17 4.4444444444444541e-05
17 18 0.00079999999999999874
18 18 0.0010666666666666687
19 18 0.00080000000000000177
38 18 0.00039999999999999953
39 18 0.00053333333333333455
40 18 0.00040000000000000089
59 18 0.0001333333333333332
60 18 0.00017777777777777817
61 18 0.00013333333333333364
17 19 0.00026666666666666717
18 19 0.00080000000000000177
19 19 0.0031999999999999997
20 19 0.0007999999999999995
21 19 0.00026666666666666635
38 19 0.00013333333333333366
39 19 0.00040000000000000089
40 19 0.0016000000000000003
41 19 0.00039999999999999986
42 19 0.00013333333333333326
59 19 4.4444444444444541e-05
60 19 0.00013333333333333364
61 19 0.00053333333333333325
62 19 0.00013333333333333334
63 19 4.4444444444444399e-05
19 20 0.0007999999999999995
20 20 0.0010666666666666654
21 20 0.00079999999999999993
40 20 0.00039999999999999986
41 20 0.00053333333333333303
42 20 0.00039999999999999991
61 20 0.00013333333333333334
62 20 0.0001777777777777776
63 20 0.00013333333333333334
19 21 0.00026666666666666635
20 21 0.00079999999999999993
21 21 0.0015999999999999988
40 21 0.00013333333333333326
41 21 0.00039999999999999991
42 21 0.00079999999999999939
61 21 4.4444444444444399e-05
62 21 0.00013333333333333334
63 21 0.00026666666666666646
1 22 0.00080000000000000015
2 22 0.00040000000000000013
3 22 0.00013333333333333342
22 22 0.0010666666666666669
23 22 0.00053333333333333368
24 22 0.00017777777777777781
43 22 0.00080000000000000004
44 22 0.00040000000000000013
45 22 0.00013333333333333342
1 23 0.00040000000000000013
2 23 0.00053333333333333368
3 23 0.00040000000000000018
22 23 0.00053333333333333368
23 23 0.00071111111111111125
24 23 0.00053333333333333358
43 23 0.00040000000000000013
44 23 0.00053333333333333368
45 23 0.00040000000000000013
1 24 0.00013333333333333342
2 24 0.00040000000000000018
3 24 0.0016000000000000001
4 24 0.00040000000000000002
5 24 0.00013333333333333342
22 24 0.00017777777777777781
23 24 0.00053333333333333358
24 24 0.0021333333333333326
25 24 0.00053333333333333368
26 24 0.00017777777777777784
43 24 0.00013333333333333342
44 24 0.00040000000000000018
45 24 0.0016000000000000005
46 24 0.00040000000000000002
47 24 0.00013333333333333342
3 25 0.00040000000000000002
4 25 0.00053333333333333368
5 25 0.0004000000000000004
24 25 0.00053333333333333368
25 25 0.00071111111111111136
26 25 0.0005333333333333339
45 25 0.00040000000000000007
46 25 0.00053333333333333368
47 25 0.00040000000000000045
3 26 0.00013333333333333342
4 26 0.0004000000000000004
5 26 0.0016000000000000012
6 26 0.00040000000000000024
7 26 0.00013333333333333345
24 26 0.00017777777777777784
25 26 0.0005333333333333339
26 26 0.0021333333333333343
27 26 0.0005333333333333339
28 26 0.00017777777777777787
45 26 0.00013333333333333342
46 26 0.00040000000000000045
47 26 0.0016000000000000012
48 26 0.00040000000000000034
49 26 0.00013333333333333348
5 27 0.00040000000000000029
6 27 0.0005333333333333339
7 27 0.00040000000000000034
26 27 0.0005333333333333339
27 27 0.00071111111111111158
28 27 0.0005333333333333339
47 27 0.00040000000000000034
48 27 0.0005333333333333339
49 27 0.0004000000000000004
5 28 0.00013333333333333345
6 28 0.00040000000000000034
7 28 0.0015999999999999996
8 28 0.00039999999999999959
9 28 0.00013333333333333337
26 28 0.00017777777777777787
27 28 0.0005333333333333339
28 28 0.0021333333333333321
29 28 0.00053333333333333314
30 28 0.00017777777777777773
47 28 0.00013333333333333348
48 28 0.0004000000000000004
49 28 0.0016000000000000007
50 28 0.00039999999999999964
51 28 0.00013333333333333337
7 29 0.00039999999999999959
8 29 0.00053333333333333347
9 29 0.00040000000000000029
28 29 0.00053333333333333314
29 29 0.00071111111111111104
30 29 0.0005333333333333339
49 29 0.00039999999999999964
50 29 0.00053333333333333347
51 29 0.0004000000000000004
7 30 0.00013333333333333337
8 30 0.00040000000000000034
9 30 0.0016000000000000005
10 30 0.00039999999999999964
11 30 0.00013333333333333345
28 30 0.00017777777777777773
29 30 0.0005333333333333339
30 30 0.0021333333333333326
31 30 0.00053333333333333314
32 30 0.00017777777777777792
49 30 0.00013333333333333337
50 30 0.0004000000000000004
51 30 0.0016000000000000012
52 30 0.00039999999999999969
53 30 0.00013333333333333348
9 31 0.00039999999999999964
10 31 0.00053333333333333379
11 31 0.0004000000000000004
30 31 0.00053333333333333314
31 31 0.00071111111111111169
32 31 0.00053333333333333401
51 31 0.00039999999999999969
52 31 0.0005333333333333339
53 31 0.00040000000000000051
9 32 0.00013333333333333345
10 32 0.00040000000000000045
11 32 0.0016000000000000001
12 32 0.00040000000000000018
13 32 0.00013333333333333372
30 32 0.00017777777777777792
31 32 0.00053333333333333401
32 32 0.002133333333333333
33 32 0.00053333333333333368
34 32 0.00017777777777777822
51 32 0.00013333333333333348
52 32 0.00040000000000000051
53 32 0.0016000000000000005
54 32 0.00040000000000000018
55 32 0.00013333333333333369
11 33 0.00040000000000000013
12 33 0.00053333333333333466
13 33 0.00040000000000000083
32 33 0.00053333333333333368
33 33 0.00071111111111111288
34 33 0.00053333333333333455
53 33 0.00040000000000000018
54 33 0.00053333333333333477
55 33 0.00040000000000000089
11 34 0.00013333333333333372
12 34 0.00040000000000000083
13 34 0.0015999999999999981
14 34 0.00039999999999999937
15 34 0.00013333333333333348
32 34 0.00017777777777777822
33 34 0.00053333333333333455
34 34 0.0021333333333333304
35 34 0.00053333333333333271
36 34 0.00017777777777777787
53 34 0.00013333333333333369
54 34 0.00040000000000000089
55 34 0.0015999999999999986
56 34 0.00039999999999999942
57 34 0.00013333333333333345
13 35 0.00039999999999999937
14 35 0.0005333333333333339
15 35 0.00040000000000000072
34 35 0.00053333333333333271
35 35 0.00071111111111111147
36 35 0.00053333333333333444
55 35 0.00039999999999999931
56 35 0.00053333333333333379
57 35 0.00040000000000000083
13 36 0.00013333333333333348
14 36 0.00040000000000000078
15 36 0.0016000000000000025
16 36 0.0003999999999999998
17 36 0.00013333333333333326
34 36 0.00017777777777777787
35 36 0.00053333333333333444
36 36 0.0021333333333333352
37 36 0.00053333333333333336
38 36 0.0001777777777777776
55 36 0.00013333333333333345
56 36 0.00040000000000000083
57 36 0.0016000000000000027
58 36 0.00039999999999999986
59 36 0.00013333333333333326
15 37 0.0003999999999999998
16 37 0.00053333333333333303
17 37 0.00039999999999999986
36 37 0.00053333333333333336
37 37 0.00071111111111111039
38 37 0.00053333333333333336
57 37 0.00039999999999999986
58 37 0.00053333333333333303
59 37 0.00040000000000000002
15 38 0.00013333333333333326
16 38 0.00039999999999999991
17 38 0.0015999999999999986
18 38 0.00039999999999999953
19 38 0.00013333333333333366
36 38 0.0001777777777777776
37 38 0.00053333333333333336
38 38 0.0021333333333333308
39 38 0.00053333333333333282
40 38 0.00017777777777777817
57 38 0.00013333333333333326
58 38 0.00040000000000000002
59 38 0.001599999999999999
60 38 0.00039999999999999959
61 38 0.00013333333333333364
17 39 0.00039999999999999953
18 39 0.00053333333333333466
19 39 0.00040000000000000083
38 39 0.00053333333333333282
39 39 0.00071111111111111266
40 39 0.00053333333333333455
59 39 0.00039999999999999948
60 39 0.00053333333333333455
61 39 0.00040000000000000089
17 40 0.00013333333333333366
18 40 0.00040000000000000089
19 40 0.0016000000000000003
20 40 0.0003999999999999998
21 40 0.00013333333333333326
38 40 0.00017777777777777817
39 40 0.00053333333333333455
40 40 0.002133333333333333
41 40 0.00053333333333333336
42 40 0.0001777777777777776
59 40 0.00013333333333333364
60 40 0.00040000000000000089
61 40 0.0016000000000000007
62 40 0.00039999999999999986
63 40 0.00013333333333333326
19 41 0.0003999999999999998
20 41 0.00053333333333333303
21 41 0.00039999999999999986
40 41 0.00053333333333333336
41 41 0.00071111111111111039
42 41 0.00053333333333333336
61 41 0.00039999999999999986
62 41 0.00053333333333333303
63 41 0.00040000000000000002
19 42 0.00013333333333333326
20 42 0.00039999999999999991
21 42 0.00079999999999999939
40 42 0.0001777777777777776
41 42 0.00053333333333333336
42 42 0.0010666666666666659
61 42 0.00013333333333333326
62 42 0.00040000000000000002
63 42 0.0007999999999999995
1 43 0.00026666666666666673
2 43 0.00013333333333333342
3 43 4.4444444444444453e-05
22 43 0.00080000000000000004
23 43 0.00040000000000000013
24 43 0.00013333333333333342
43 43 0.0032000000000000006
44 43 0.0016000000000000001
45 43 0.00053333333333333325
64 43 0.00079999999999999982
65 43 0.00040000000000000007
66 43 0.00013333333333333339
85 43 0.00026666666666666673
86 43 0.00013333333333333345
87 43 4.444444444444446e-05
1 44 0.00013333333333333342
2 44 0.00017777777777777781
3 44 0.00013333333333333337
22 44 0.00040000000000000013
23 44 0.00053333333333333368
24 44 0.00040000000000000018
43 44 0.0016000000000000001
44 44 0.002133333333333333
45 44 0.0016000000000000001
64 44 0.00040000000000000007
65 44 0.00053333333333333358
66 44 0.00039999999999999996
85 44 0.00013333333333333345
86 44 0.00017777777777777781
87 44 0.00013333333333333342
1 45 4.4444444444444453e-05
2 45 0.00013333333333333337
3 45 0.00053333333333333314
4 45 0.00013333333333333342
5 45 4.444444444444446e-05
22 45 0.00013333333333333342
23 45 0.00040000000000000018
24 45 0.0016000000000000005
25 45 0.00040000000000000002
26 45 0.00013333333333333342
43 45 0.00053333333333333325
44 45 0.0016000000000000001
45 45 0.006399999999999996
46 45 0.0015999999999999994
47 45 0.00053333333333333314
64 45 0.00013333333333333339
65 45 0.00039999999999999996
66 45 0.0015999999999999994
67 45 0.00040000000000000002
68 45 0.00013333333333333339
85 45 4.4444444444444453e-05
86 45 0.00013333333333333342
87 45 0.00053333333333333325
88 45 0.00013333333333333342
89 45 4.444444444444446e-05
3 46 0.00013333333333333342
4 46 0.00017777777777777784
5 46 0.00013333333333333348
24 46 0.00040000000000000002
25 46 0.00053333333333333368
26 46 0.00040000000000000045
45 46 0.0015999999999999994
46 46 0.0021333333333333326
47 46 0.0016000000000000009
66 46 0.00040000000000000002
67 46 0.00053333333333333358
68 46 0.00040000000000000024
87 46 0.00013333333333333342
88 46 0.00017777777777777784
89 46 0.00013333333333333348
3 47 4.444444444444446e-05
4 47 0.00013333333333333348
5 47 0.00053333333333333358
6 47 0.00013333333333333348
7 47 4.4444444444444467e-05
24 47 0.00013333333333333342
25 47 0.00040000000000000045
26 47 0.0016000000000000012
27 47 0.00040000000000000034
28 47 0.00013333333333333348
45 47 0.00053333333333333314
46 47 0.0016000000000000009
47 47 0.0063999999999999994
48 47 0.0016000000000000009
49 47 0.00053333333333333336
66 47 0.00013333333333333337
67 47 0.00040000000000000024
68 47 0.0016000000000000005
69 47 0.00040000000000000024
70 47 0.00013333333333333342
87 47 4.444444444444446e-05
88 47 0.00013333333333333348
89 47 0.00053333333333333358
90 47 0.0001333333333333335
91 47 4.4444444444444487e-05
5 48 0.00013333333333333348
6 48 0.00017777777777777789
7 48 0.00013333333333333348
26 48 0.00040000000000000034
27 48 0.0005333333333333339
28 48 0.0004000000000000004
47 48 0.0016000000000000012
48 48 0.0021333333333333339
49 48 0.0016000000000000014
68 48 0.00040000000000000024
69 48 0.00053333333333333368
70 48 0.00040000000000000018
89 48 0.0001333333333333335
90 48 0.00017777777777777795
91 48 0.0001333333333333335
5 49 4.4444444444444467e-05
6 49 0.00013333333333333348
7 49 0.00053333333333333314
8 49 0.00013333333333333329
9 49 4.4444444444444433e-05
26 49 0.00013333333333333348
27 49 0.0004000000000000004
28 49 0.0016000000000000007
29 49 0.00039999999999999964
30 49 0.00013333333333333337
47 49 0.00053333333333333336
48 49 0.0016000000000000014
49 49 0.0063999999999999951
50 49 0.0015999999999999981
51 49 0.00053333333333333303
68 49 0.00013333333333333342
69 49 0.00040000000000000024
70 49 0.0015999999999999992
71 49 0.00039999999999999959
72 49 0.00013333333333333334
89 49 4.4444444444444487e-05
90 49 0.0001333333333333335
91 49 0.00053333333333333314
92 49 0.00013333333333333331
93 49 4.444444444444444e-05
7 50 0.00013333333333333329
8 50 0.00017777777777777776
9 50 0.00013333333333333348
28 50 0.00039999999999999964
29 50 0.00053333333333333347
30 50 0.0004000000000000004
49 50 0.0015999999999999981
50 50 0.0021333333333333326
51 50 0.0016000000000000014
70 50 0.00039999999999999959
71 50 0.00053333333333333336
72 50 0.00040000000000000018
91 50 0.00013333333333333329
92 50 0.00017777777777777776
93 50 0.00013333333333333348
7 51 4.4444444444444433e-05
8 51 0.00013333333333333348
9 51 0.00053333333333333336
10 51 0.00013333333333333329
11 51 4.444444444444448e-05
28 51 0.00013333333333333337
29 51 0.0004000000000000004
30 51 0.0016000000000000012
31 51 0.00039999999999999969
32 51 0.00013333333333333348
49 51 0.00053333333333333303
50 51 0.0016000000000000014
51 51 0.0063999999999999968
52 51 0.0015999999999999988
53 51 0.00053333333333333358
70 51 0.00013333333333333334
71 51 0.00040000000000000018
72 51 0.0015999999999999996
73 51 0.00039999999999999964
74 51 0.00013333333333333342
91 51 4.444444444444444e-05
92 51 0.00013333333333333348
93 51 0.00053333333333333336
94 51 0.00013333333333333331
95 51 4.4444444444444474e-05
9 52 0.00013333333333333329
10 52 0.00017777777777777792
11 52 0.0001333333333333335
30 52 0.00039999999999999969
31 52 0.0005333333333333339
32 52 0.00040000000000000051
51 52 0.0015999999999999988
52 52 0.0021333333333333347
53 52 0.0016000000000000016
72 52 0.00039999999999999964
73 52 0.00053333333333333379
74 52 0.00040000000000000024
93 52 0.00013333333333333329
94 52 0.00017777777777777789
95 52 0.0001333333333333335
9 53 4.444444444444448e-05
10 53 0.00013333333333333353
11 53 0.00053333333333333325
12 53 0.00013333333333333342
13 53 4.4444444444444555e-05
30 53 0.00013333333333333348
31 53 0.00040000000000000051
32 53 0.0016000000000000005
33 53 0.00040000000000000018
34 53 0.00013333333333333369
51 53 0.00053333333333333347
52 53 0.0016000000000000016
53 53 0.0063999999999999942
54 53 0.0016000000000000001
55 53 0.00053333333333333444
72 53 0.00013333333333333342
73 53 0.00040000000000000024
74 53 0.0015999999999999994
75 53 0.00040000000000000007
76 53 0.00013333333333333366
93 53 4.4444444444444474e-05
94 53 0.00013333333333333353
95 53 0.00053333333333333314
96 53 0.00013333333333333342
97 53 4.4444444444444548e-05
11 54 0.00013333333333333342
12 54 0.00017777777777777819
13 54 0.00013333333333333364
32 54 0.00040000000000000018
33 54 0.00053333333333333477
34 54 0.00040000000000000089
53 54 0.0016000000000000001
54 54 0.0021333333333333378
55 54 0.0016000000000000031
74 54 0.00040000000000000007
75 54 0.00053333333333333466
76 54 0.00040000000000000072
95 54 0.00013333333333333342
96 54 0.00017777777777777819
97 54 0.00013333333333333364
11 55 4.4444444444444555e-05
12 55 0.00013333333333333364
13 55 0.00053333333333333271
14 55 0.00013333333333333318
15 55 4.4444444444444467e-05
32 55 0.00013333333333333369
33 55 0.00040000000000000089
34 55 0.0015999999999999986
35 55 0.00039999999999999937
36 55 0.00013333333333333345
53 55 0.00053333333333333444
54 55 0.0016000000000000031
55 55 0.0063999999999999908
56 55 0.0015999999999999966
57 55 0.00053333333333333347
74 55 0.00013333333333333366
75 55 0.00040000000000000072
76 55 0.0015999999999999977
77 55 0.00039999999999999926
78 55 0.00013333333333333342
95 55 4.4444444444444548e-05
96 55 0.00013333333333333364
97 55 0.00053333333333333271
98 55 0.00013333333333333318
99 55 4.4444444444444474e-05
13 56 0.00013333333333333318
14 56 0.00017777777777777787
15 56 0.00013333333333333361
34 56 0.00039999999999999931
35 56 0.00053333333333333379
36 56 0.00040000000000000083
55 56 0.0015999999999999966
56 56 0.0021333333333333339
57 56 0.0016000000000000029
76 56 0.00039999999999999926
77 56 0.00053333333333333368
78 56 0.00040000000000000062
97 56 0.0001333333333333332
98 56 0.00017777777777777789
99 56 0.00013333333333333364
13 57 4.4444444444444467e-05
14 57 0.00013333333333333361
15 57 0.0005333333333333339
16 57 0.00013333333333333334
17 57 4.4444444444444399e-05
34 57 0.00013333333333333345
35 57 0.00040000000000000083
36 57 0.0016000000000000027
37 57 0.00039999999999999986
38 57 0.00013333333333333326
55 57 0.00053333333333333347
56 57 0.0016000000000000029
57 57 0.0064000000000000046
58 57 0.0015999999999999988
59 57 0.00053333333333333271
76 57 0.00013333333333333342
77 57 0.00040000000000000062
78 57 0.001600000000000002
79 57 0.0003999999999999998
80 57 0.00013333333333333323
97 57 4.4444444444444474e-05
98 57 0.00013333333333333361
99 57 0.0005333333333333339
100 57 0.00013333333333333337
101 57 4.4444444444444406e-05
15 58 0.00013333333333333334
16 58 0.0001777777777777776
17 58 0.00013333333333333334
36 58 0.00039999999999999986
37 58 0.00053333333333333303
38 58 0.00039999999999999996
57 58 0.0015999999999999988
58 58 0.0021333333333333308
59 58 0.0015999999999999999
78 58 0.0003999999999999998
79 58 0.00053333333333333293
80 58 0.00039999999999999969
99 58 0.00013333333333333337
100 58 0.00017777777777777762
101 58 0.00013333333333333334
15 59 4.4444444444444399e-05
16 59 0.00013333333333333334
17 59 0.00053333333333333282
18 59 0.0001333333333333332
19 59 4.4444444444444541e-05
36 59 0.00013333333333333326
37 59 0.00039999999999999996
38 59 0.001599999999999999
39 59 0.00039999999999999953
40 59 0.00013333333333333364
57 59 0.00053333333333333271
58 59 0.0015999999999999999
59 59 0.0063999999999999925
60 59 0.0015999999999999977
61 59 0.00053333333333333433
78 59 0.00013333333333333323
79 59 0.00039999999999999969
80 59 0.0015999999999999981
81 59 0.00039999999999999942
82 59 0.00013333333333333364
99 59 4.4444444444444406e-05
100 59 0.00013333333333333334
101 59 0.00053333333333333282
102 59 0.0001333333333333332
103 59 4.4444444444444535e-05
17 60 0.0001333333333333332
18 60 0.00017777777777777817
19 60 0.00013333333333333364
38 60 0.00039999999999999948
39 60 0.00053333333333333455
40 60 0.00040000000000000094
59 60 0.0015999999999999977
60 60 0.0021333333333333373
61 60 0.0016000000000000033
80 60 0.00039999999999999942
81 60 0.00053333333333333455
82 60 0.00040000000000000067
101 60 0.00013333333333333323
102 60 0.00017777777777777814
103 60 0.00013333333333333366
17 61 4.4444444444444541e-05
18 61 0.00013333333333333364
19 61 0.00053333333333333325
20 61 0.00013333333333333334
21 61 4.4444444444444399e-05
38 61 0.00013333333333333364
39 61 0.00040000000000000094
40 61 0.0016000000000000007
41 61 0.00039999999999999986
42 61 0.00013333333333333326
59 61 0.00053333333333333433
60 61 0.0016000000000000033
61 61 0.0063999999999999977
62 61 0.0015999999999999988
63 61 0.00053333333333333271
80 61 0.00013333333333333364
81 61 0.00040000000000000067
82 61 0.0015999999999999999
83 61 0.0003999999999999998
84 61 0.00013333333333333323
101 61 4.4444444444444535e-05
102 61 0.00013333333333333366
103 61 0.00053333333333333325
104 61 0.00013333333333333337
105 61 4.4444444444444406e-05
19 62 0.00013333333333333334
20 62 0.0001777777777777776
21 62 0.00013333333333333334
40 62 0.00039999999999999986
41 62 0.00053333333333333303
42 62 0.00039999999999999996
61 62 0.0015999999999999988
62 62 0.0021333333333333308
63 62 0.0015999999999999999
82 62 0.0003999999999999998
83 62 0.00053333333333333293
84 62 0.00039999999999999969
103 62 0.00013333333333333337
104 62 0.00017777777777777762
105 62 0.00013333333333333334
19 63 4.4444444444444399e-05
20 63 0.00013333333333333334
21 63 0.00026666666666666646
40 63 0.00013333333333333326
41 63 0.00039999999999999996
42 63 0.0007999999999999995
61 63 0.00053333333333333271
62 63 0.0015999999999999999
63 63 0.0031999999999999963
82 63 0.00013333333333333323
83 63 0.00039999999999999969
84 63 0.00079999999999999917
103 63 4.4444444444444406e-05
104 63 0.00013333333333333334
105 63 0.00026666666666666646
43 64 0.00079999999999999993
44 64 0.00040000000000000007
45 64 0.00013333333333333339
64 64 0.0010666666666666669
65 64 0.00053333333333333379
66 64 0.00017777777777777781
85 64 0.00080000000000000058
86 64 0.0004000000000000004
87 64 0.0001333333333333335
43 65 0.00040000000000000007
44 65 0.00053333333333333358
45 65 0.00039999999999999996
64 65 0.00053333333333333379
65 65 0.00071111111111111125
66 65 0.00053333333333333368
85 65 0.0004000000000000004
86 65 0.00053333333333333401
87 65 0.0004000000000000004
43 66 0.00013333333333333339
44 66 0.00039999999999999996
45 66 0.0015999999999999994
46 66 0.00039999999999999991
47 66 0.00013333333333333339
64 66 0.00017777777777777781
65 66 0.00053333333333333368
66 66 0.0021333333333333321
67 66 0.00053333333333333368
68 66 0.00017777777777777784
85 66 0.0001333333333333335
86 66 0.0004000000000000004
87 66 0.0016000000000000014
88 66 0.00040000000000000024
89 66 0.0001333333333333335
45 67 0.00039999999999999991
46 67 0.00053333333333333347
47 67 0.00040000000000000024
66 67 0.00053333333333333368
67 67 0.00071111111111111136
68 67 0.0005333333333333339
87 67 0.00040000000000000024
88 67 0.00053333333333333401
89 67 0.00040000000000000067
45 68 0.00013333333333333337
46 68 0.00040000000000000024
47 68 0.0016000000000000005
48 68 0.00040000000000000024
49 68 0.00013333333333333342
66 68 0.00017777777777777784
67 68 0.0005333333333333339
68 68 0.0021333333333333343
69 68 0.0005333333333333339
70 68 0.00017777777777777789
87 68 0.0001333333333333335
88 68 0.00040000000000000067
89 68 0.001600000000000002
90 68 0.00040000000000000062
91 68 0.00013333333333333356
47 69 0.00040000000000000024
48 69 0.00053333333333333379
49 69 0.00040000000000000018
68 69 0.0005333333333333339
69 69 0.00071111111111111158
70 69 0.00053333333333333401
89 69 0.00040000000000000062
90 69 0.00053333333333333423
91 69 0.00040000000000000067
47 70 0.00013333333333333342
48 70 0.00040000000000000024
49 70 0.001599999999999999
50 70 0.00039999999999999959
51 70 0.00013333333333333334
68 70 0.00017777777777777789
69 70 0.00053333333333333401
70 70 0.0021333333333333326
71 70 0.00053333333333333314
72 70 0.00017777777777777776
89 70 0.00013333333333333356
90 70 0.00040000000000000067
91 70 0.0016000000000000012
92 70 0.00039999999999999991
93 70 0.00013333333333333342
49 71 0.00039999999999999959
50 71 0.00053333333333333347
51 71 0.00040000000000000018
70 71 0.00053333333333333314
71 71 0.00071111111111111104
72 71 0.0005333333333333339
91 71 0.00039999999999999991
92 71 0.00053333333333333379
93 71 0.00040000000000000062
49 72 0.00013333333333333334
50 72 0.00040000000000000018
51 72 0.0015999999999999996
52 72 0.00039999999999999964
53 72 0.00013333333333333342
70 72 0.00017777777777777776
71 72 0.0005333333333333339
72 72 0.002133333333333333
73 72 0.00053333333333333314
74 72 0.00017777777777777789
91 72 0.00013333333333333342
92 72 0.00040000000000000056
93 72 0.0016000000000000018
94 72 0.00039999999999999996
95 72 0.00013333333333333353
51 73 0.00039999999999999964
52 73 0.00053333333333333379
53 73 0.00040000000000000024
72 73 0.00053333333333333314
73 73 0.00071111111111111158
74 73 0.00053333333333333401
93 73 0.00039999999999999996
94 73 0.00053333333333333412
95 73 0.00040000000000000067
51 74 0.00013333333333333342
52 74 0.00040000000000000024
53 74 0.0015999999999999994
54 74 0.00040000000000000007
55 74 0.00013333333333333366
72 74 0.00017777777777777789
73 74 0.00053333333333333401
74 74 0.0021333333333333326
75 74 0.00053333333333333368
76 74 0.00017777777777777819
93 74 0.00013333333333333353
94 74 0.00040000000000000067
95 74 0.0016000000000000012
96 74 0.00040000000000000034
97 74 0.00013333333333333377
53 75 0.00040000000000000007
54 75 0.00053333333333333466
55 75 0.00040000000000000072
74 75 0.00053333333333333368
75 75 0.00071111111111111277
76 75 0.00053333333333333455
95 75 0.00040000000000000034
96 75 0.00053333333333333509
97 75 0.0004000000000000011
53 76 0.00013333333333333366
54 76 0.00040000000000000072
55 76 0.0015999999999999977
56 76 0.00039999999999999931
57 76 0.00013333333333333342
74 76 0.00017777777777777819
75 76 0.00053333333333333455
76 76 0.0021333333333333308
77 76 0.00053333333333333271
78 76 0.00017777777777777789
95 76 0.00013333333333333377
96 76 0.0004000000000000011
97 76 0.0015999999999999992
98 76 0.00039999999999999959
99 76 0.00013333333333333353
55 77 0.00039999999999999931
56 77 0.00053333333333333379
57 77 0.00040000000000000062
76 77 0.00053333333333333271
77 77 0.00071111111111111158
78 77 0.00053333333333333455
97 77 0.00039999999999999959
98 77 0.00053333333333333423
99 77 0.00040000000000000105
55 78 0.00013333333333333345
56 78 0.00040000000000000062
57 78 0.0016000000000000018
58 78 0.0003999999999999998
59 78 0.00013333333333333323
76 78 0.00017777777777777789
77 78 0.00053333333333333455
78 78 0.0021333333333333356
79 78 0.00053333333333333347
80 78 0.00017777777777777762
97 78 0.00013333333333333353
98 78 0.00040000000000000099
99 78 0.0016000000000000031
100 78 0.00040000000000000018
101 78 0.00013333333333333331
57 79 0.0003999999999999998
58 79 0.00053333333333333303
59 79 0.00039999999999999975
78 79 0.00053333333333333347
79 79 0.00071111111111111049
80 79 0.00053333333333333336
99 79 0.00040000000000000018
100 79 0.00053333333333333336
101 79 0.00040000000000000018
57 80 0.00013333333333333323
58 80 0.00039999999999999975
59 80 0.0015999999999999981
60 80 0.00039999999999999948
61 80 0.00013333333333333364
78 80 0.00017777777777777762
79 80 0.00053333333333333336
80 80 0.0021333333333333308
81 80 0.00053333333333333282
82 80 0.00017777777777777814
99 80 0.00013333333333333331
100 80 0.00040000000000000018
101 80 0.0015999999999999996
102 80 0.00039999999999999975
103 80 0.00013333333333333375
59 81 0.00039999999999999948
60 81 0.00053333333333333455
61 81 0.00040000000000000067
80 81 0.00053333333333333282
81 81 0.00071111111111111255
82 81 0.00053333333333333466
101 81 0.00039999999999999975
102 81 0.00053333333333333499
103 81 0.0004000000000000011
59 82 0.00013333333333333364
60 82 0.00040000000000000067
61 82 0.0015999999999999999
62 82 0.0003999999999999998
63 82 0.00013333333333333323
80 82 0.00017777777777777814
81 82 0.00053333333333333466
82 82 0.002133333333333333
83 82 0.00053333333333333347
84 82 0.00017777777777777762
101 82 0.00013333333333333375
102 82 0.0004000000000000011
103 82 0.0016000000000000012
104 82 0.00040000000000000018
105 82 0.00013333333333333331
61 83 0.0003999999999999998
62 83 0.00053333333333333303
63 83 0.00039999999999999975
82 83 0.00053333333333333347
83 83 0.00071111111111111049
84 83 0.00053333333333333336
103 83 0.00040000000000000018
104 83 0.00053333333333333336
105 83 0.00040000000000000018
61 84 0.00013333333333333323
62 84 0.00039999999999999975
63 84 0.00079999999999999906
82 84 0.00017777777777777762
83 84 0.00053333333333333336
84 84 0.0010666666666666656
103 84 0.00013333333333333331
104 84 0.00040000000000000018
105 84 0.00079999999999999993
43 85 0.00026666666666666673
44 85 0.00013333333333333345
45 85 4.444444444444446e-05
64 85 0.00080000000000000047
65 85 0.0004000000000000004
66 85 0.0001333333333333335
85 85 0.003200000000000001
86 85 0.0016000000000000007
87 85 0.00053333333333333358
106 85 0.00080000000000000036
107 85 0.00040000000000000034
108 85 0.00013333333333333348
127 85 0.00026666666666666679
128 85 0.0001333333333333335
129 85 4.4444444444444467e-05
43 86 0.00013333333333333345
44 86 0.00017777777777777784
45 86 0.00013333333333333342
64 86 0.0004000000000000004
65 86 0.00053333333333333401
66 86 0.0004000000000000004
85 86 0.0016000000000000007
86 86 0.0021333333333333343
87 86 0.0016000000000000007
106 86 0.00040000000000000034
107 86 0.0005333333333333339
108 86 0.00040000000000000029
127 86 0.0001333333333333335
128 86 0.00017777777777777787
129 86 0.00013333333333333339
43 87 4.444444444444446e-05
44 87 0.00013333333333333342
45 87 0.00053333333333333325
46 87 0.00013333333333333342
47 87 4.444444444444446e-05
64 87 0.0001333333333333335
65 87 0.0004000000000000004
66 87 0.0016000000000000014
67 87 0.00040000000000000024
68 87 0.0001333333333333335
85 87 0.00053333333333333358
86 87 0.0016000000000000007
87 87 0.0063999999999999977
88 87 0.0016000000000000003
89 87 0.00053333333333333358
106 87 0.00013333333333333348
107 87 0.00040000000000000029
108 87 0.0016000000000000009
109 87 0.00040000000000000018
110 87 0.00013333333333333348
127 87 4.4444444444444467e-05
128 87 0.00013333333333333339
129 87 0.00053333333333333336
130 87 0.00013333333333333348
131 87 4.4444444444444467e-05
45 88 0.00013333333333333342
46 88 0.00017777777777777784
47 88 0.00013333333333333348
66 88 0.00040000000000000034
67 88 0.00053333333333333401
68 88 0.00040000000000000067
87 88 0.0016000000000000005
88 88 0.0021333333333333343
89 88 0.0016000000000000018
108 88 0.00040000000000000024
109 88 0.0005333333333333339
110 88 0.00040000000000000051
129 88 0.00013333333333333348
130 88 0.00017777777777777787
131 88 0.0001333333333333335
45 89 4.444444444444446e-05
46 89 0.00013333333333333348
47 89 0.00053333333333333358
48 89 0.0001333333333333335
49 89 4.4444444444444474e-05
66 89 0.0001333333333333335
67 89 0.00040000000000000067
68 89 0.001600000000000002
69 89 0.00040000000000000062
70 89 0.00013333333333333356
87 89 0.00053333333333333358
88 89 0.0016000000000000018
89 89 0.0064000000000000038
90 89 0.0016000000000000016
91 89 0.00053333333333333379
108 89 0.00013333333333333348
109 89 0.00040000000000000051
110 89 0.0016000000000000018
111 89 0.00040000000000000051
112 89 0.00013333333333333353
129 89 4.4444444444444467e-05
130 89 0.0001333333333333335
131 89 0.00053333333333333368
132 89 0.00013333333333333358
133 89 4.4444444444444508e-05
47 90 0.0001333333333333335
48 90 0.00017777777777777792
49 90 0.00013333333333333348
68 90 0.00040000000000000062
69 90 0.00053333333333333423
70 90 0.00040000000000000067
89 90 0.0016000000000000016
90 90 0.0021333333333333352
91 90 0.001600000000000002
110 90 0.00040000000000000051
111 90 0.00053333333333333412
112 90 0.00040000000000000051
131 90 0.00013333333333333358
132 90 0.00017777777777777803
133 90 0.00013333333333333353
47 91 4.4444444444444474e-05
48 91 0.0001333333333333335
49 91 0.00053333333333333314
50 91 0.00013333333333333329
51 91 4.444444444444444e-05
68 91 0.00013333333333333356
69 91 0.00040000000000000067
70 91 0.0016000000000000012
71 91 0.00039999999999999991
72 91 0.00013333333333333342
89 91 0.00053333333333333379
90 91 0.001600000000000002
91 91 0.0063999999999999994
92 91 0.0015999999999999986
93 91 0.00053333333333333325
110 91 0.00013333333333333353
111 91 0.00040000000000000051
112 91 0.0016000000000000012
113 91 0.00039999999999999986
114 91 0.00013333333333333342
131 91 4.4444444444444501e-05
132 91 0.00013333333333333353
133 91 0.00053333333333333358
134 91 0.00013333333333333337
135 91 4.4444444444444467e-05
49 92 0.00013333333333333329
50 92 0.00017777777777777776
51 92 0.00013333333333333348
70 92 0.00039999999999999991
71 92 0.00053333333333333379
72 92 0.00040000000000000056
91 92 0.0015999999999999986
92 92 0.002133333333333333
93 92 0.0016000000000000018
112 92 0.00039999999999999986
113 92 0.00053333333333333379
114 92 0.00040000000000000056
133 92 0.00013333333333333337
134 92 0.00017777777777777787
135 92 0.00013333333333333353
49 93 4.444444444444444e-05
50 93 0.00013333333333333348
51 93 0.00053333333333333347
52 93 0.00013333333333333329
53 93 4.4444444444444474e-05
70 93 0.00013333333333333342
71 93 0.00040000000000000062
72 93 0.0016000000000000018
73 93 0.00039999999999999996
74 93 0.00013333333333333353
91 93 0.00053333333333333325
92 93 0.001600000000000002
93 93 0.0064000000000000012
94 93 0.0015999999999999992
95 93 0.00053333333333333379
112 93 0.00013333333333333342
113 93 0.00040000000000000051
114 93 0.0016000000000000016
115 93 0.00039999999999999996
116 93 0.00013333333333333353
133 93 4.4444444444444467e-05
134 93 0.00013333333333333353
135 93 0.00053333333333333379
136 93 0.00013333333333333337
137 93 4.4444444444444501e-05
51 94 0.00013333333333333329
52 94 0.00017777777777777789
53 94 0.0001333333333333335
72 94 0.00040000000000000002
73 94 0.00053333333333333412
74 94 0.00040000000000000067
93 94 0.0015999999999999994
94 94 0.0021333333333333352
95 94 0.0016000000000000022
114 94 0.00039999999999999996
115 94 0.00053333333333333412
116 94 0.00040000000000000067
135 94 0.00013333333333333337
136 94 0.000177777777777778
137 94 0.00013333333333333358
51 95 4.4444444444444474e-05
52 95 0.0001333333333333335
53 95 0.00053333333333333325
54 95 0.00013333333333333342
55 95 4.4444444444444548e-05
72 95 0.00013333333333333353
73 95 0.00040000000000000067
74 95 0.0016000000000000009
75 95 0.00040000000000000034
76 95 0.00013333333333333377
93 95 0.00053333333333333379
94 95 0.0016000000000000022
95 95 0.0063999999999999977
96 95 0.0016000000000000009
97 95 0.00053333333333333488
114 95 0.00013333333333333353
115 95 0.00040000000000000062
116 95 0.0016000000000000009
117 95 0.00040000000000000034
118 95 0.00013333333333333377
135 95 4.4444444444444501e-05
136 95 0.00013333333333333358
137 95 0.00053333333333333347
138 95 0.0001333333333333335
139 95 4.4444444444444575e-05
53 96 0.00013333333333333342
54 96 0.00017777777777777819
55 96 0.00013333333333333364
74 96 0.00040000000000000034
75 96 0.00053333333333333509
76 96 0.0004000000000000011
95 96 0.0016000000000000009
96 96 0.0021333333333333395
97 96 0.0016000000000000038
116 96 0.00040000000000000034
117 96 0.00053333333333333509
118 96 0.00040000000000000105
137 96 0.0001333333333333335
138 96 0.0001777777777777783
139 96 0.00013333333333333369
53 97 4.4444444444444548e-05
54 97 0.00013333333333333364
55 97 0.0005333333333333326
56 97 0.00013333333333333318
57 97 4.4444444444444474e-05
74 97 0.00013333333333333377
75 97 0.0004000000000000011
76 97 0.0015999999999999992
77 97 0.00039999999999999953
78 97 0.00013333333333333353
95 97 0.00053333333333333488
96 97 0.0016000000000000038
97 97 0.0063999999999999942
98 97 0.0015999999999999975
99 97 0.00053333333333333368
116 97 0.00013333333333333377
117 97 0.00040000000000000099
118 97 0.0015999999999999994
119 97 0.00039999999999999964
120 97 0.00013333333333333353
137 97 4.4444444444444575e-05
138 97 0.00013333333333333369
139 97 0.00053333333333333293
140 97 0.00013333333333333326
141 97 4.4444444444444494e-05
