# Created by Octave 5.2.0, Tue Oct 26 13:23:16 2021 CEST <omen@omen-linux>
# name: ans
# type: sparse matrix
# nnz: 1681
# rows: 121
# columns: 121
1 1 0.0064000000000000003
2 1 0.0032000000000000006
3 1 0.0010666666666666665
12 1 0.0032000000000000002
13 1 0.0016000000000000005
14 1 0.00053333333333333368
23 1 0.0010666666666666672
24 1 0.00053333333333333368
25 1 0.00017777777777777781
1 2 0.0032000000000000006
2 2 0.0042666666666666669
3 2 0.0032000000000000006
12 2 0.0016000000000000005
13 2 0.0021333333333333347
14 2 0.0016000000000000007
23 2 0.00053333333333333368
24 2 0.00071111111111111125
25 2 0.00053333333333333347
1 3 0.0010666666666666667
2 3 0.0032000000000000006
3 3 0.012800000000000001
4 3 0.0031999999999999993
5 3 0.0010666666666666667
12 3 0.00053333333333333368
13 3 0.0016000000000000007
14 3 0.0064000000000000003
15 3 0.0016000000000000001
16 3 0.00053333333333333368
23 3 0.00017777777777777781
24 3 0.00053333333333333358
25 3 0.0021333333333333326
26 3 0.00053333333333333368
27 3 0.00017777777777777784
3 4 0.0031999999999999993
4 4 0.0042666666666666669
5 4 0.0032000000000000023
14 4 0.0016000000000000001
15 4 0.0021333333333333347
16 4 0.0016000000000000016
25 4 0.00053333333333333368
26 4 0.00071111111111111136
27 4 0.0005333333333333339
3 5 0.0010666666666666667
4 5 0.0032000000000000023
5 5 0.012800000000000004
6 5 0.0032000000000000015
7 5 0.0010666666666666672
14 5 0.00053333333333333368
15 5 0.0016000000000000016
16 5 0.0064000000000000046
17 5 0.0016000000000000009
18 5 0.00053333333333333379
25 5 0.00017777777777777784
26 5 0.0005333333333333339
27 5 0.0021333333333333343
28 5 0.0005333333333333339
29 5 0.00017777777777777787
5 6 0.0032000000000000019
6 6 0.0042666666666666695
7 6 0.0032000000000000023
16 6 0.0016000000000000012
17 6 0.0021333333333333356
18 6 0.0016000000000000012
27 6 0.0005333333333333339
28 6 0.00071111111111111158
29 6 0.0005333333333333339
5 7 0.0010666666666666672
6 7 0.0032000000000000023
7 7 0.012800000000000001
8 7 0.0031999999999999963
9 7 0.0010666666666666663
16 7 0.00053333333333333379
17 7 0.0016000000000000012
18 7 0.0063999999999999986
19 7 0.0015999999999999983
20 7 0.00053333333333333347
27 7 0.00017777777777777787
28 7 0.0005333333333333339
29 7 0.0021333333333333326
30 7 0.00053333333333333314
31 7 0.00017777777777777773
7 8 0.0031999999999999963
8 8 0.0042666666666666651
9 8 0.0032000000000000032
18 8 0.0015999999999999983
19 8 0.0021333333333333339
20 8 0.0016000000000000014
29 8 0.00053333333333333314
30 8 0.00071111111111111104
31 8 0.0005333333333333339
7 9 0.0010666666666666663
8 9 0.0032000000000000032
9 9 0.012800000000000004
10 9 0.0031999999999999967
11 9 0.0010666666666666672
18 9 0.00053333333333333347
19 9 0.0016000000000000014
20 9 0.006400000000000002
21 9 0.0015999999999999986
22 9 0.00053333333333333379
29 9 0.00017777777777777773
30 9 0.0005333333333333339
31 9 0.0021333333333333334
32 9 0.00053333333333333314
33 9 0.00017777777777777792
9 10 0.0031999999999999967
10 10 0.0042666666666666686
11 10 0.0032000000000000041
20 10 0.0015999999999999986
21 10 0.0021333333333333352
22 10 0.0016000000000000018
31 10 0.00053333333333333314
32 10 0.00071111111111111169
33 10 0.00053333333333333412
9 11 0.0010666666666666672
10 11 0.0032000000000000036
11 11 0.0063999999999999899
20 11 0.00053333333333333379
21 11 0.0016000000000000016
22 11 0.0031999999999999954
31 11 0.00017777777777777792
32 11 0.00053333333333333412
33 11 0.0010666666666666652
1 12 0.0032000000000000006
2 12 0.0016000000000000005
3 12 0.00053333333333333368
12 12 0.0042666666666666677
13 12 0.0021333333333333347
14 12 0.00071111111111111125
23 12 0.0032000000000000002
24 12 0.0016000000000000005
25 12 0.00053333333333333368
1 13 0.0016000000000000005
2 13 0.0021333333333333347
3 13 0.0016000000000000007
12 13 0.0021333333333333347
13 13 0.002844444444444445
14 13 0.0021333333333333343
23 13 0.0016000000000000005
24 13 0.0021333333333333347
25 13 0.0016000000000000005
1 14 0.00053333333333333368
2 14 0.0016000000000000007
3 14 0.0064000000000000003
4 14 0.0016000000000000001
5 14 0.00053333333333333368
12 14 0.00071111111111111125
13 14 0.0021333333333333343
14 14 0.0085333333333333303
15 14 0.0021333333333333347
16 14 0.00071111111111111136
23 14 0.00053333333333333368
24 14 0.0016000000000000007
25 14 0.006400000000000002
26 14 0.0016000000000000001
27 14 0.00053333333333333368
3 15 0.0016000000000000001
4 15 0.0021333333333333347
5 15 0.0016000000000000016
14 15 0.0021333333333333347
15 15 0.0028444444444444454
16 15 0.0021333333333333356
25 15 0.0016000000000000003
26 15 0.0021333333333333347
27 15 0.0016000000000000018
3 16 0.00053333333333333368
4 16 0.0016000000000000016
5 16 0.0064000000000000046
6 16 0.0016000000000000009
7 16 0.00053333333333333379
14 16 0.00071111111111111136
15 16 0.0021333333333333356
16 16 0.0085333333333333372
17 16 0.0021333333333333356
18 16 0.00071111111111111147
25 16 0.00053333333333333368
26 16 0.0016000000000000018
27 16 0.0064000000000000046
28 16 0.0016000000000000014
29 16 0.0005333333333333339
5 17 0.0016000000000000012
6 17 0.0021333333333333356
7 17 0.0016000000000000014
16 17 0.0021333333333333356
17 17 0.0028444444444444463
18 17 0.0021333333333333356
27 17 0.0016000000000000014
28 17 0.0021333333333333356
29 17 0.0016000000000000016
5 18 0.00053333333333333379
6 18 0.0016000000000000014
7 18 0.0063999999999999986
8 18 0.0015999999999999983
9 18 0.00053333333333333347
16 18 0.00071111111111111147
17 18 0.0021333333333333356
18 18 0.0085333333333333285
19 18 0.0021333333333333326
20 18 0.00071111111111111093
27 18 0.0005333333333333339
28 18 0.0016000000000000016
29 18 0.0064000000000000029
30 18 0.0015999999999999986
31 18 0.00053333333333333347
7 19 0.0015999999999999983
8 19 0.0021333333333333339
9 19 0.0016000000000000012
18 19 0.0021333333333333326
19 19 0.0028444444444444441
20 19 0.0021333333333333356
29 19 0.0015999999999999986
30 19 0.0021333333333333339
31 19 0.0016000000000000016
7 20 0.00053333333333333347
8 20 0.0016000000000000014
9 20 0.006400000000000002
10 20 0.0015999999999999986
11 20 0.00053333333333333379
18 20 0.00071111111111111093
19 20 0.0021333333333333356
20 20 0.0085333333333333303
21 20 0.0021333333333333326
22 20 0.00071111111111111169
29 20 0.00053333333333333347
30 20 0.0016000000000000016
31 20 0.0064000000000000046
32 20 0.0015999999999999988
33 20 0.0005333333333333339
9 21 0.0015999999999999986
10 21 0.0021333333333333352
11 21 0.0016000000000000016
20 21 0.0021333333333333326
21 21 0.0028444444444444467
22 21 0.002133333333333336
31 21 0.0015999999999999988
32 21 0.0021333333333333356
33 21 0.001600000000000002
9 22 0.00053333333333333379
10 22 0.0016000000000000018
11 22 0.0031999999999999954
20 22 0.00071111111111111169
21 22 0.002133333333333336
22 22 0.0042666666666666608
31 22 0.0005333333333333339
32 22 0.001600000000000002
33 22 0.0031999999999999958
1 23 0.0010666666666666669
2 23 0.00053333333333333368
3 23 0.00017777777777777781
12 23 0.0032000000000000002
13 23 0.0016000000000000005
14 23 0.00053333333333333368
23 23 0.012800000000000002
24 23 0.0064000000000000003
25 23 0.002133333333333333
34 23 0.0031999999999999993
35 23 0.0016000000000000003
36 23 0.00053333333333333358
45 23 0.0010666666666666669
46 23 0.00053333333333333379
47 23 0.00017777777777777784
1 24 0.00053333333333333368
2 24 0.00071111111111111125
3 24 0.00053333333333333347
12 24 0.0016000000000000005
13 24 0.0021333333333333347
14 24 0.0016000000000000007
23 24 0.0064000000000000003
24 24 0.008533333333333332
25 24 0.0064000000000000003
34 24 0.0016000000000000003
35 24 0.0021333333333333343
36 24 0.0015999999999999999
45 24 0.00053333333333333379
46 24 0.00071111111111111125
47 24 0.00053333333333333368
1 25 0.00017777777777777781
2 25 0.00053333333333333347
3 25 0.0021333333333333326
4 25 0.00053333333333333368
5 25 0.00017777777777777784
12 25 0.00053333333333333368
13 25 0.0016000000000000007
14 25 0.006400000000000002
15 25 0.0016000000000000001
16 25 0.00053333333333333368
23 25 0.002133333333333333
24 25 0.0064000000000000003
25 25 0.025599999999999984
26 25 0.0063999999999999977
27 25 0.0021333333333333326
34 25 0.00053333333333333358
35 25 0.0015999999999999999
36 25 0.0063999999999999977
37 25 0.0016000000000000001
38 25 0.00053333333333333358
45 25 0.00017777777777777781
46 25 0.00053333333333333368
47 25 0.002133333333333333
48 25 0.00053333333333333368
49 25 0.00017777777777777784
3 26 0.00053333333333333368
4 26 0.00071111111111111136
5 26 0.0005333333333333339
14 26 0.0016000000000000001
15 26 0.0021333333333333347
16 26 0.0016000000000000018
25 26 0.0063999999999999977
26 26 0.0085333333333333303
27 26 0.0064000000000000038
36 26 0.0016000000000000001
37 26 0.0021333333333333343
38 26 0.0016000000000000009
47 26 0.00053333333333333368
48 26 0.00071111111111111136
49 26 0.0005333333333333339
3 27 0.00017777777777777784
4 27 0.0005333333333333339
5 27 0.0021333333333333343
6 27 0.0005333333333333339
7 27 0.00017777777777777787
14 27 0.00053333333333333368
15 27 0.0016000000000000018
16 27 0.0064000000000000046
17 27 0.0016000000000000014
18 27 0.0005333333333333339
25 27 0.0021333333333333326
26 27 0.0064000000000000038
27 27 0.025599999999999998
28 27 0.0064000000000000038
29 27 0.0021333333333333334
36 27 0.00053333333333333347
37 27 0.0016000000000000009
38 27 0.006400000000000002
39 27 0.0016000000000000009
40 27 0.00053333333333333368
47 27 0.00017777777777777784
48 27 0.0005333333333333339
49 27 0.0021333333333333343
50 27 0.00053333333333333401
51 27 0.00017777777777777795
5 28 0.0005333333333333339
6 28 0.00071111111111111158
7 28 0.0005333333333333339
16 28 0.0016000000000000014
17 28 0.0021333333333333356
18 28 0.0016000000000000016
27 28 0.0064000000000000046
28 28 0.0085333333333333355
29 28 0.0064000000000000055
38 28 0.0016000000000000009
39 28 0.0021333333333333347
40 28 0.0016000000000000007
49 28 0.00053333333333333401
50 28 0.0007111111111111118
51 28 0.00053333333333333401
5 29 0.00017777777777777787
6 29 0.0005333333333333339
7 29 0.0021333333333333326
8 29 0.00053333333333333314
9 29 0.00017777777777777773
16 29 0.0005333333333333339
17 29 0.0016000000000000016
18 29 0.0064000000000000029
19 29 0.0015999999999999986
20 29 0.00053333333333333347
27 29 0.0021333333333333334
28 29 0.0064000000000000055
29 29 0.02559999999999998
30 29 0.0063999999999999925
31 29 0.0021333333333333321
38 29 0.00053333333333333368
39 29 0.0016000000000000009
40 29 0.0063999999999999968
41 29 0.0015999999999999983
42 29 0.00053333333333333336
49 29 0.00017777777777777795
50 29 0.00053333333333333401
51 29 0.0021333333333333326
52 29 0.00053333333333333325
53 29 0.00017777777777777776
7 30 0.00053333333333333314
8 30 0.00071111111111111104
9 30 0.0005333333333333339
18 30 0.0015999999999999986
19 30 0.0021333333333333339
20 30 0.0016000000000000016
29 30 0.0063999999999999925
30 30 0.0085333333333333303
31 30 0.0064000000000000055
40 30 0.0015999999999999983
41 30 0.0021333333333333334
42 30 0.0016000000000000007
51 30 0.00053333333333333314
52 30 0.00071111111111111104
53 30 0.0005333333333333339
7 31 0.00017777777777777773
8 31 0.0005333333333333339
9 31 0.0021333333333333334
10 31 0.00053333333333333314
11 31 0.00017777777777777792
18 31 0.00053333333333333347
19 31 0.0016000000000000016
20 31 0.0064000000000000046
21 31 0.0015999999999999988
22 31 0.0005333333333333339
29 31 0.0021333333333333321
30 31 0.0064000000000000055
31 31 0.025599999999999987
32 31 0.0063999999999999951
33 31 0.0021333333333333343
40 31 0.00053333333333333336
41 31 0.0016000000000000007
42 31 0.0063999999999999986
43 31 0.0015999999999999986
44 31 0.00053333333333333368
51 31 0.00017777777777777776
52 31 0.0005333333333333339
53 31 0.0021333333333333334
54 31 0.00053333333333333325
55 31 0.00017777777777777789
9 32 0.00053333333333333314
10 32 0.00071111111111111169
11 32 0.00053333333333333401
20 32 0.0015999999999999988
21 32 0.0021333333333333356
22 32 0.001600000000000002
31 32 0.0063999999999999951
32 32 0.0085333333333333389
33 32 0.0064000000000000064
42 32 0.0015999999999999986
43 32 0.0021333333333333352
44 32 0.0016000000000000009
53 32 0.00053333333333333314
54 32 0.00071111111111111158
55 32 0.00053333333333333401
9 33 0.00017777777777777792
10 33 0.00053333333333333412
11 33 0.0010666666666666652
20 33 0.0005333333333333339
21 33 0.001600000000000002
22 33 0.0031999999999999954
31 33 0.0021333333333333339
32 33 0.0064000000000000064
33 33 0.012799999999999976
42 33 0.00053333333333333368
43 33 0.0016000000000000009
44 33 0.0031999999999999945
53 33 0.00017777777777777789
54 33 0.00053333333333333412
55 33 0.001066666666666665
23 34 0.0031999999999999997
24 34 0.0016000000000000003
25 34 0.00053333333333333358
34 34 0.0042666666666666677
35 34 0.0021333333333333352
36 34 0.00071111111111111125
45 34 0.0032000000000000023
46 34 0.0016000000000000016
47 34 0.00053333333333333401
23 35 0.0016000000000000003
24 35 0.0021333333333333343
25 35 0.0015999999999999999
34 35 0.0021333333333333352
35 35 0.002844444444444445
36 35 0.0021333333333333347
45 35 0.0016000000000000016
46 35 0.002133333333333336
47 35 0.0016000000000000016
23 36 0.00053333333333333358
24 36 0.0015999999999999999
25 36 0.0063999999999999977
26 36 0.0015999999999999996
27 36 0.00053333333333333358
34 36 0.00071111111111111125
35 36 0.0021333333333333347
36 36 0.0085333333333333285
37 36 0.0021333333333333347
38 36 0.00071111111111111136
45 36 0.00053333333333333401
46 36 0.0016000000000000016
47 36 0.0064000000000000055
48 36 0.0016000000000000009
49 36 0.00053333333333333401
25 37 0.0015999999999999996
26 37 0.0021333333333333339
27 37 0.0016000000000000009
36 37 0.0021333333333333347
37 37 0.0028444444444444454
38 37 0.0021333333333333356
47 37 0.0016000000000000009
48 37 0.002133333333333336
49 37 0.0016000000000000027
25 38 0.00053333333333333347
26 38 0.0016000000000000009
27 38 0.006400000000000002
28 38 0.0016000000000000009
29 38 0.00053333333333333368
36 38 0.00071111111111111136
37 38 0.0021333333333333356
38 38 0.0085333333333333372
39 38 0.0021333333333333356
40 38 0.00071111111111111158
47 38 0.00053333333333333401
48 38 0.0016000000000000027
49 38 0.0064000000000000081
50 38 0.0016000000000000025
51 38 0.00053333333333333423
27 39 0.0016000000000000009
28 39 0.0021333333333333352
29 39 0.0016000000000000007
38 39 0.0021333333333333356
39 39 0.0028444444444444463
40 39 0.002133333333333336
49 39 0.0016000000000000025
50 39 0.0021333333333333369
51 39 0.0016000000000000027
27 40 0.00053333333333333368
28 40 0.0016000000000000009
29 40 0.006399999999999996
30 40 0.0015999999999999983
31 40 0.00053333333333333336
38 40 0.00071111111111111158
39 40 0.002133333333333336
40 40 0.0085333333333333303
41 40 0.0021333333333333326
42 40 0.00071111111111111104
49 40 0.00053333333333333423
50 40 0.0016000000000000027
51 40 0.0064000000000000046
52 40 0.0015999999999999996
53 40 0.00053333333333333368
29 41 0.0015999999999999983
30 41 0.0021333333333333339
31 41 0.0016000000000000007
40 41 0.0021333333333333326
41 41 0.0028444444444444441
42 41 0.0021333333333333356
51 41 0.0015999999999999996
52 41 0.0021333333333333352
53 41 0.0016000000000000025
29 42 0.00053333333333333336
30 42 0.0016000000000000007
31 42 0.0063999999999999986
32 42 0.0015999999999999986
33 42 0.00053333333333333368
40 42 0.00071111111111111104
41 42 0.0021333333333333356
42 42 0.008533333333333332
43 42 0.0021333333333333326
44 42 0.00071111111111111158
51 42 0.00053333333333333368
52 42 0.0016000000000000022
53 42 0.0064000000000000072
54 42 0.0015999999999999999
55 42 0.00053333333333333412
31 43 0.0015999999999999986
32 43 0.0021333333333333352
33 43 0.0016000000000000009
42 43 0.0021333333333333326
43 43 0.0028444444444444463
44 43 0.002133333333333336
53 43 0.0015999999999999999
54 43 0.0021333333333333365
55 43 0.0016000000000000027
31 44 0.00053333333333333368
32 44 0.0016000000000000009
33 44 0.0031999999999999945
42 44 0.00071111111111111158
43 44 0.002133333333333336
44 44 0.0042666666666666608
53 44 0.00053333333333333412
54 44 0.0016000000000000027
55 44 0.0031999999999999971
23 45 0.0010666666666666669
24 45 0.00053333333333333379
25 45 0.00017777777777777784
34 45 0.0032000000000000019
35 45 0.0016000000000000016
36 45 0.00053333333333333401
45 45 0.012800000000000004
46 45 0.0064000000000000029
47 45 0.0021333333333333343
56 45 0.0032000000000000015
57 45 0.0016000000000000014
58 45 0.0005333333333333339
67 45 0.0010666666666666672
68 45 0.00053333333333333401
69 45 0.00017777777777777787
23 46 0.00053333333333333379
24 46 0.00071111111111111136
25 46 0.00053333333333333368
34 46 0.0016000000000000016
35 46 0.002133333333333336
36 46 0.0016000000000000016
45 46 0.0064000000000000029
46 46 0.0085333333333333372
47 46 0.0064000000000000029
56 46 0.0016000000000000014
57 46 0.0021333333333333356
58 46 0.0016000000000000012
67 46 0.00053333333333333401
68 46 0.00071111111111111147
69 46 0.00053333333333333358
23 47 0.00017777777777777784
24 47 0.00053333333333333368
25 47 0.002133333333333333
26 47 0.00053333333333333368
27 47 0.00017777777777777784
34 47 0.00053333333333333401
35 47 0.0016000000000000016
36 47 0.0064000000000000055
37 47 0.0016000000000000009
38 47 0.00053333333333333401
45 47 0.0021333333333333343
46 47 0.0064000000000000029
47 47 0.025599999999999991
48 47 0.0064000000000000012
49 47 0.0021333333333333343
56 47 0.0005333333333333339
57 47 0.0016000000000000012
58 47 0.0064000000000000038
59 47 0.0016000000000000007
60 47 0.0005333333333333339
67 47 0.00017777777777777787
68 47 0.00053333333333333358
69 47 0.0021333333333333334
70 47 0.0005333333333333339
71 47 0.00017777777777777787
25 48 0.00053333333333333368
26 48 0.00071111111111111136
27 48 0.0005333333333333339
36 48 0.0016000000000000014
37 48 0.002133333333333336
38 48 0.0016000000000000027
47 48 0.006400000000000002
48 48 0.0085333333333333372
49 48 0.0064000000000000072
58 48 0.0016000000000000009
59 48 0.0021333333333333356
60 48 0.001600000000000002
69 48 0.0005333333333333339
70 48 0.00071111111111111147
71 48 0.00053333333333333401
25 49 0.00017777777777777784
26 49 0.0005333333333333339
27 49 0.0021333333333333343
28 49 0.00053333333333333401
29 49 0.00017777777777777789
36 49 0.00053333333333333401
37 49 0.0016000000000000027
38 49 0.0064000000000000081
39 49 0.0016000000000000025
40 49 0.00053333333333333423
47 49 0.0021333333333333343
48 49 0.0064000000000000072
49 49 0.025600000000000015
50 49 0.0064000000000000064
51 49 0.0021333333333333352
58 49 0.0005333333333333339
59 49 0.001600000000000002
60 49 0.0064000000000000072
61 49 0.001600000000000002
62 49 0.00053333333333333412
69 49 0.00017777777777777787
70 49 0.00053333333333333401
71 49 0.0021333333333333347
72 49 0.00053333333333333433
73 49 0.00017777777777777803
27 50 0.00053333333333333401
28 50 0.00071111111111111169
29 50 0.0005333333333333339
38 50 0.0016000000000000025
39 50 0.0021333333333333369
40 50 0.0016000000000000027
49 50 0.0064000000000000064
50 50 0.0085333333333333407
51 50 0.0064000000000000081
60 50 0.001600000000000002
61 50 0.0021333333333333365
62 50 0.001600000000000002
71 50 0.00053333333333333433
72 50 0.00071111111111111212
73 50 0.00053333333333333412
27 51 0.00017777777777777789
28 51 0.00053333333333333401
29 51 0.0021333333333333326
30 51 0.00053333333333333314
31 51 0.00017777777777777776
38 51 0.00053333333333333423
39 51 0.0016000000000000027
40 51 0.0064000000000000046
41 51 0.0015999999999999996
42 51 0.00053333333333333368
49 51 0.0021333333333333352
50 51 0.0064000000000000081
51 51 0.025599999999999998
52 51 0.0063999999999999942
53 51 0.002133333333333333
60 51 0.00053333333333333412
61 51 0.001600000000000002
62 51 0.0064000000000000046
63 51 0.0015999999999999994
64 51 0.00053333333333333368
71 51 0.000177777777777778
72 51 0.00053333333333333412
73 51 0.0021333333333333343
74 51 0.00053333333333333347
75 51 0.00017777777777777787
29 52 0.00053333333333333314
30 52 0.00071111111111111104
31 52 0.0005333333333333339
40 52 0.0015999999999999996
41 52 0.0021333333333333352
42 52 0.0016000000000000022
51 52 0.0063999999999999942
52 52 0.008533333333333332
53 52 0.0064000000000000072
62 52 0.0015999999999999994
63 52 0.0021333333333333352
64 52 0.0016000000000000022
73 52 0.00053333333333333347
74 52 0.00071111111111111147
75 52 0.00053333333333333412
29 53 0.00017777777777777776
30 53 0.0005333333333333339
31 53 0.0021333333333333339
32 53 0.00053333333333333314
33 53 0.00017777777777777789
40 53 0.00053333333333333368
41 53 0.0016000000000000025
42 53 0.0064000000000000072
43 53 0.0015999999999999999
44 53 0.00053333333333333412
51 53 0.002133333333333333
52 53 0.0064000000000000081
53 53 0.025600000000000005
54 53 0.0063999999999999968
55 53 0.0021333333333333352
62 53 0.00053333333333333368
63 53 0.001600000000000002
64 53 0.0064000000000000064
65 53 0.0015999999999999999
66 53 0.00053333333333333412
73 53 0.00017777777777777787
74 53 0.00053333333333333412
75 53 0.0021333333333333352
76 53 0.00053333333333333347
77 53 0.000177777777777778
31 54 0.00053333333333333314
32 54 0.00071111111111111158
33 54 0.00053333333333333401
42 54 0.0016000000000000001
43 54 0.0021333333333333365
44 54 0.0016000000000000027
53 54 0.0063999999999999977
54 54 0.0085333333333333407
55 54 0.006400000000000009
64 54 0.0015999999999999999
65 54 0.0021333333333333365
66 54 0.0016000000000000027
75 54 0.00053333333333333347
76 54 0.00071111111111111201
77 54 0.00053333333333333433
31 55 0.00017777777777777789
32 55 0.00053333333333333401
33 55 0.0010666666666666652
42 55 0.00053333333333333412
43 55 0.0016000000000000027
44 55 0.0031999999999999967
53 55 0.0021333333333333352
54 55 0.006400000000000009
55 55 0.012799999999999985
64 55 0.00053333333333333412
65 55 0.0016000000000000025
66 55 0.0031999999999999967
75 55 0.000177777777777778
76 55 0.00053333333333333433
77 55 0.0010666666666666659
45 56 0.0032000000000000019
46 56 0.0016000000000000014
47 56 0.0005333333333333339
56 56 0.0042666666666666695
57 56 0.0021333333333333365
58 56 0.00071111111111111147
67 56 0.0032000000000000032
68 56 0.0016000000000000018
69 56 0.00053333333333333412
45 57 0.0016000000000000014
46 57 0.0021333333333333356
47 57 0.0016000000000000014
56 57 0.0021333333333333365
57 57 0.0028444444444444459
58 57 0.0021333333333333347
67 57 0.0016000000000000018
68 57 0.0021333333333333365
69 57 0.0016000000000000018
45 58 0.0005333333333333339
46 58 0.0016000000000000014
47 58 0.0064000000000000038
48 58 0.0016000000000000009
49 58 0.0005333333333333339
56 58 0.00071111111111111147
57 58 0.0021333333333333347
58 58 0.0085333333333333337
59 58 0.0021333333333333356
60 58 0.00071111111111111147
67 58 0.00053333333333333412
68 58 0.0016000000000000018
69 58 0.0064000000000000081
70 58 0.0016000000000000012
71 58 0.00053333333333333412
47 59 0.0016000000000000007
48 59 0.0021333333333333356
49 59 0.0016000000000000022
58 59 0.0021333333333333356
59 59 0.0028444444444444459
60 59 0.0021333333333333365
69 59 0.0016000000000000012
70 59 0.0021333333333333365
71 59 0.0016000000000000029
47 60 0.0005333333333333339
48 60 0.001600000000000002
49 60 0.0064000000000000072
50 60 0.001600000000000002
51 60 0.00053333333333333423
58 60 0.00071111111111111158
59 60 0.002133333333333336
60 60 0.0085333333333333389
61 60 0.0021333333333333369
62 60 0.00071111111111111201
69 60 0.00053333333333333412
70 60 0.0016000000000000029
71 60 0.006400000000000009
72 60 0.0016000000000000022
73 60 0.00053333333333333433
49 61 0.0016000000000000022
50 61 0.0021333333333333365
51 61 0.001600000000000002
60 61 0.0021333333333333373
61 61 0.0028444444444444489
62 61 0.0021333333333333365
71 61 0.0016000000000000027
72 61 0.0021333333333333369
73 61 0.0016000000000000029
49 62 0.00053333333333333412
50 62 0.001600000000000002
51 62 0.0064000000000000038
52 62 0.0015999999999999994
53 62 0.00053333333333333379
60 62 0.00071111111111111212
61 62 0.0021333333333333369
62 62 0.0085333333333333372
63 62 0.0021333333333333339
64 62 0.00071111111111111147
71 62 0.00053333333333333433
72 62 0.0016000000000000027
73 62 0.0064000000000000064
74 62 0.0015999999999999996
75 62 0.00053333333333333379
51 63 0.0015999999999999994
52 63 0.0021333333333333352
53 63 0.0016000000000000022
62 63 0.0021333333333333339
63 63 0.0028444444444444459
64 63 0.0021333333333333365
73 63 0.0015999999999999996
74 63 0.0021333333333333352
75 63 0.0016000000000000029
51 64 0.00053333333333333379
52 64 0.0016000000000000022
53 64 0.0064000000000000055
54 64 0.0015999999999999999
55 64 0.00053333333333333412
62 64 0.00071111111111111136
63 64 0.0021333333333333365
64 64 0.0085333333333333407
65 64 0.0021333333333333339
66 64 0.00071111111111111201
73 64 0.00053333333333333379
74 64 0.0016000000000000027
75 64 0.0064000000000000081
76 64 0.0015999999999999999
77 64 0.00053333333333333433
53 65 0.0015999999999999999
54 65 0.0021333333333333365
55 65 0.0016000000000000027
64 65 0.0021333333333333339
65 65 0.0028444444444444481
66 65 0.0021333333333333373
75 65 0.0015999999999999999
76 65 0.0021333333333333373
77 65 0.0016000000000000029
53 66 0.00053333333333333412
54 66 0.0016000000000000027
55 66 0.0031999999999999963
64 66 0.0007111111111111119
65 66 0.0021333333333333373
66 66 0.0042666666666666634
75 66 0.00053333333333333433
76 66 0.0016000000000000029
77 66 0.003199999999999998
45 67 0.0010666666666666672
46 67 0.00053333333333333401
47 67 0.00017777777777777787
56 67 0.0032000000000000028
57 67 0.0016000000000000018
58 67 0.00053333333333333412
67 67 0.012799999999999999
68 67 0.0064000000000000003
69 67 0.0021333333333333326
78 67 0.0031999999999999958
79 67 0.0015999999999999983
80 67 0.00053333333333333293
89 67 0.0010666666666666663
90 67 0.00053333333333333347
91 67 0.00017777777777777776
45 68 0.00053333333333333401
46 68 0.00071111111111111147
47 68 0.00053333333333333358
56 68 0.0016000000000000018
57 68 0.0021333333333333365
58 68 0.0016000000000000018
67 68 0.0064000000000000003
68 68 0.0085333333333333303
69 68 0.006400000000000002
78 68 0.0015999999999999983
79 68 0.0021333333333333317
80 68 0.0015999999999999983
89 68 0.00053333333333333347
90 68 0.00071111111111111104
91 68 0.00053333333333333325
45 69 0.00017777777777777784
46 69 0.00053333333333333358
47 69 0.0021333333333333334
48 69 0.0005333333333333339
49 69 0.00017777777777777787
56 69 0.00053333333333333412
57 69 0.0016000000000000018
58 69 0.0064000000000000072
59 69 0.0016000000000000012
60 69 0.00053333333333333412
67 69 0.0021333333333333326
68 69 0.006400000000000002
69 69 0.025599999999999987
70 69 0.0063999999999999968
71 69 0.0021333333333333326
78 69 0.00053333333333333293
79 69 0.0015999999999999983
80 69 0.0063999999999999916
81 69 0.0015999999999999981
82 69 0.00053333333333333303
89 69 0.00017777777777777776
90 69 0.00053333333333333325
91 69 0.0021333333333333321
92 69 0.00053333333333333347
93 69 0.0001777777777777777
47 70 0.0005333333333333339
48 70 0.00071111111111111147
49 70 0.00053333333333333401
58 70 0.0016000000000000012
59 70 0.0021333333333333365
60 70 0.0016000000000000027
69 70 0.0063999999999999968
70 70 0.0085333333333333303
71 70 0.0064000000000000038
80 70 0.0015999999999999981
81 70 0.0021333333333333321
82 70 0.001599999999999999
91 70 0.00053333333333333347
92 70 0.00071111111111111082
93 70 0.00053333333333333358
47 71 0.00017777777777777787
48 71 0.00053333333333333401
49 71 0.0021333333333333352
50 71 0.00053333333333333433
51 71 0.000177777777777778
58 71 0.00053333333333333412
59 71 0.0016000000000000027
60 71 0.006400000000000009
61 71 0.0016000000000000027
62 71 0.00053333333333333423
69 71 0.0021333333333333326
70 71 0.0064000000000000038
71 71 0.025600000000000001
72 71 0.0064000000000000046
73 71 0.0021333333333333343
80 71 0.00053333333333333303
81 71 0.001599999999999999
82 71 0.0063999999999999934
83 71 0.0015999999999999994
84 71 0.00053333333333333325
91 71 0.0001777777777777777
92 71 0.00053333333333333358
93 71 0.002133333333333333
94 71 0.00053333333333333379
95 71 0.00017777777777777784
49 72 0.00053333333333333433
50 72 0.00071111111111111212
51 72 0.00053333333333333412
60 72 0.0016000000000000027
61 72 0.0021333333333333373
62 72 0.0016000000000000027
71 72 0.0064000000000000046
72 72 0.0085333333333333389
73 72 0.0064000000000000046
82 72 0.001599999999999999
83 72 0.002133333333333333
84 72 0.0015999999999999992
93 72 0.00053333333333333379
94 72 0.00071111111111111147
95 72 0.00053333333333333358
49 73 0.000177777777777778
50 73 0.00053333333333333412
51 73 0.0021333333333333343
52 73 0.00053333333333333347
53 73 0.00017777777777777784
60 73 0.00053333333333333423
61 73 0.0016000000000000027
62 73 0.0064000000000000072
63 73 0.0015999999999999996
64 73 0.00053333333333333368
71 73 0.0021333333333333343
72 73 0.0064000000000000046
73 73 0.025599999999999984
74 73 0.0063999999999999908
75 73 0.0021333333333333321
82 73 0.00053333333333333325
83 73 0.0015999999999999992
84 73 0.0063999999999999916
85 73 0.0015999999999999966
86 73 0.0005333333333333326
93 73 0.00017777777777777784
94 73 0.00053333333333333358
95 73 0.0021333333333333321
96 73 0.00053333333333333282
97 73 0.00017777777777777768
51 74 0.00053333333333333347
52 74 0.00071111111111111147
53 74 0.00053333333333333412
62 74 0.0015999999999999996
63 74 0.0021333333333333352
64 74 0.0016000000000000027
73 74 0.0063999999999999908
74 74 0.0085333333333333285
75 74 0.0064000000000000038
84 74 0.0015999999999999966
85 74 0.0021333333333333304
86 74 0.0015999999999999992
95 74 0.00053333333333333282
96 74 0.00071111111111111082
97 74 0.00053333333333333358
51 75 0.00017777777777777784
52 75 0.00053333333333333412
53 75 0.0021333333333333352
54 75 0.00053333333333333347
55 75 0.00017777777777777798
62 75 0.00053333333333333368
63 75 0.0016000000000000027
64 75 0.006400000000000009
65 75 0.0015999999999999999
66 75 0.00053333333333333423
73 75 0.0021333333333333321
74 75 0.0064000000000000038
75 75 0.025599999999999991
76 75 0.0063999999999999942
77 75 0.0021333333333333343
84 75 0.0005333333333333326
85 75 0.0015999999999999992
86 75 0.0063999999999999925
87 75 0.0015999999999999968
88 75 0.00053333333333333314
95 75 0.00017777777777777768
96 75 0.00053333333333333358
97 75 0.0021333333333333326
98 75 0.00053333333333333293
99 75 0.00017777777777777781
53 76 0.00053333333333333347
54 76 0.00071111111111111201
55 76 0.00053333333333333423
64 76 0.0015999999999999999
65 76 0.0021333333333333373
66 76 0.0016000000000000029
75 76 0.0063999999999999942
76 76 0.0085333333333333389
77 76 0.0064000000000000055
86 76 0.0015999999999999968
87 76 0.0021333333333333326
88 76 0.0015999999999999996
97 76 0.00053333333333333293
98 76 0.00071111111111111136
99 76 0.00053333333333333368
53 77 0.00017777777777777798
54 77 0.00053333333333333423
55 77 0.0010666666666666659
64 77 0.00053333333333333423
65 77 0.0016000000000000029
66 77 0.0031999999999999976
75 77 0.0021333333333333347
76 77 0.0064000000000000055
77 77 0.01279999999999998
86 77 0.00053333333333333314
87 77 0.0015999999999999996
88 77 0.003199999999999991
97 77 0.00017777777777777781
98 77 0.00053333333333333368
99 77 0.0010666666666666648
67 78 0.0031999999999999958
68 78 0.0015999999999999986
69 78 0.00053333333333333293
78 78 0.0042666666666666651
79 78 0.0021333333333333343
80 78 0.00071111111111111104
89 78 0.0032000000000000028
90 78 0.0016000000000000016
91 78 0.00053333333333333412
67 79 0.0015999999999999983
68 79 0.0021333333333333317
69 79 0.0015999999999999981
78 79 0.0021333333333333339
79 79 0.0028444444444444441
80 79 0.0021333333333333334
89 79 0.0016000000000000016
90 79 0.0021333333333333365
91 79 0.0016000000000000018
67 80 0.00053333333333333293
68 80 0.0015999999999999981
69 80 0.0063999999999999916
70 80 0.0015999999999999981
71 80 0.00053333333333333303
78 80 0.00071111111111111104
79 80 0.002133333333333333
80 80 0.0085333333333333285
81 80 0.0021333333333333339
82 80 0.00071111111111111093
89 80 0.00053333333333333412
90 80 0.0016000000000000018
91 80 0.0064000000000000064
92 80 0.0016000000000000012
93 80 0.00053333333333333412
69 81 0.0015999999999999981
70 81 0.0021333333333333321
71 81 0.001599999999999999
80 81 0.0021333333333333339
81 81 0.0028444444444444437
82 81 0.0021333333333333343
91 81 0.0016000000000000012
92 81 0.0021333333333333365
93 81 0.0016000000000000025
69 82 0.00053333333333333303
70 82 0.001599999999999999
71 82 0.0063999999999999934
72 82 0.001599999999999999
73 82 0.00053333333333333336
80 82 0.00071111111111111093
81 82 0.0021333333333333343
82 82 0.0085333333333333337
83 82 0.0021333333333333356
84 82 0.00071111111111111136
91 82 0.00053333333333333412
92 82 0.0016000000000000025
93 82 0.006400000000000009
94 82 0.0016000000000000027
95 82 0.00053333333333333433
71 83 0.0015999999999999994
72 83 0.002133333333333333
73 83 0.0015999999999999992
82 83 0.0021333333333333356
83 83 0.0028444444444444459
84 83 0.0021333333333333347
93 83 0.0016000000000000027
94 83 0.0021333333333333373
95 83 0.0016000000000000025
71 84 0.00053333333333333325
72 84 0.0015999999999999992
73 84 0.0063999999999999916
74 84 0.0015999999999999966
75 84 0.0005333333333333326
82 84 0.00071111111111111147
83 84 0.0021333333333333347
84 84 0.0085333333333333285
85 84 0.0021333333333333313
86 84 0.00071111111111111082
93 84 0.00053333333333333433
94 84 0.0016000000000000025
95 84 0.0064000000000000064
96 84 0.0015999999999999994
97 84 0.00053333333333333368
73 85 0.0015999999999999966
74 85 0.0021333333333333304
75 85 0.0015999999999999992
84 85 0.0021333333333333313
85 85 0.0028444444444444433
86 85 0.0021333333333333343
95 85 0.0015999999999999994
96 85 0.0021333333333333347
97 85 0.0016000000000000025
73 86 0.0005333333333333326
74 86 0.0015999999999999992
75 86 0.0063999999999999925
76 86 0.0015999999999999968
77 86 0.00053333333333333314
84 86 0.00071111111111111082
85 86 0.0021333333333333343
86 86 0.0085333333333333303
87 86 0.0021333333333333317
88 86 0.00071111111111111136
95 86 0.00053333333333333368
96 86 0.0016000000000000025
97 86 0.0064000000000000081
98 86 0.0015999999999999996
99 86 0.00053333333333333423
75 87 0.0015999999999999968
76 87 0.0021333333333333326
77 87 0.0015999999999999996
86 87 0.0021333333333333317
87 87 0.0028444444444444454
88 87 0.0021333333333333347
97 87 0.0015999999999999996
98 87 0.0021333333333333369
99 87 0.0016000000000000027
75 88 0.00053333333333333314
76 88 0.0015999999999999996
77 88 0.003199999999999991
86 88 0.00071111111111111136
87 88 0.0021333333333333347
88 88 0.0042666666666666591
97 88 0.00053333333333333423
98 88 0.0016000000000000027
99 88 0.0031999999999999971
67 89 0.0010666666666666663
68 89 0.00053333333333333358
69 89 0.00017777777777777773
78 89 0.0032000000000000028
79 89 0.0016000000000000016
80 89 0.00053333333333333412
89 89 0.012800000000000002
90 89 0.006400000000000002
91 89 0.0021333333333333334
100 89 0.0031999999999999963
101 89 0.0015999999999999988
102 89 0.00053333333333333314
111 89 0.0010666666666666669
112 89 0.0005333333333333339
113 89 0.00017777777777777789
67 90 0.00053333333333333358
68 90 0.00071111111111111104
69 90 0.00053333333333333325
78 90 0.0016000000000000016
79 90 0.0021333333333333365
80 90 0.001600000000000002
89 90 0.0064000000000000038
90 90 0.008533333333333332
91 90 0.0064000000000000038
100 90 0.0015999999999999988
101 90 0.0021333333333333326
102 90 0.0015999999999999986
111 90 0.0005333333333333339
112 90 0.00071111111111111158
113 90 0.00053333333333333368
67 91 0.00017777777777777773
68 91 0.00053333333333333325
69 91 0.0021333333333333321
70 91 0.00053333333333333347
71 91 0.0001777777777777777
78 91 0.00053333333333333412
79 91 0.001600000000000002
80 91 0.0064000000000000064
81 91 0.0016000000000000012
82 91 0.00053333333333333412
89 91 0.002133333333333333
90 91 0.0064000000000000038
91 91 0.025599999999999994
92 91 0.0063999999999999986
93 91 0.0021333333333333334
100 91 0.00053333333333333314
101 91 0.0015999999999999986
102 91 0.0063999999999999951
103 91 0.0015999999999999983
104 91 0.00053333333333333314
111 91 0.00017777777777777789
112 91 0.00053333333333333368
113 91 0.0021333333333333343
114 91 0.00053333333333333379
115 91 0.00017777777777777784
69 92 0.00053333333333333347
70 92 0.00071111111111111082
71 92 0.00053333333333333358
80 92 0.0016000000000000012
81 92 0.0021333333333333365
82 92 0.0016000000000000025
91 92 0.0063999999999999977
92 92 0.0085333333333333337
93 92 0.0064000000000000055
102 92 0.0015999999999999983
103 92 0.0021333333333333326
104 92 0.0015999999999999996
113 92 0.00053333333333333379
114 92 0.00071111111111111136
115 92 0.0005333333333333339
69 93 0.0001777777777777777
70 93 0.00053333333333333358
71 93 0.002133333333333333
72 93 0.00053333333333333379
73 93 0.00017777777777777784
80 93 0.00053333333333333412
81 93 0.0016000000000000025
82 93 0.0064000000000000098
83 93 0.0016000000000000027
84 93 0.00053333333333333433
91 93 0.0021333333333333334
92 93 0.0064000000000000055
93 93 0.025600000000000008
94 93 0.0064000000000000064
95 93 0.0021333333333333352
102 93 0.00053333333333333314
103 93 0.0015999999999999996
104 93 0.0063999999999999977
105 93 0.0015999999999999996
106 93 0.00053333333333333347
113 93 0.00017777777777777784
114 93 0.0005333333333333339
115 93 0.0021333333333333352
116 93 0.00053333333333333423
117 93 0.000177777777777778
71 94 0.00053333333333333379
72 94 0.00071111111111111147
73 94 0.00053333333333333368
82 94 0.0016000000000000025
83 94 0.0021333333333333373
84 94 0.0016000000000000025
93 94 0.0064000000000000064
94 94 0.0085333333333333407
95 94 0.0064000000000000081
104 94 0.0015999999999999996
105 94 0.0021333333333333339
106 94 0.0015999999999999996
115 94 0.00053333333333333423
116 94 0.00071111111111111201
117 94 0.00053333333333333412
71 95 0.00017777777777777784
72 95 0.00053333333333333368
73 95 0.0021333333333333321
74 95 0.00053333333333333282
75 95 0.00017777777777777768
82 95 0.00053333333333333433
83 95 0.0016000000000000025
84 95 0.0064000000000000055
85 95 0.0015999999999999994
86 95 0.00053333333333333368
93 95 0.0021333333333333352
94 95 0.0064000000000000081
95 95 0.025599999999999987
96 95 0.0063999999999999916
97 95 0.0021333333333333326
104 95 0.00053333333333333336
105 95 0.0015999999999999999
106 95 0.0063999999999999951
107 95 0.001599999999999997
108 95 0.00053333333333333282
115 95 0.000177777777777778
116 95 0.00053333333333333412
117 95 0.0021333333333333343
118 95 0.00053333333333333336
119 95 0.00017777777777777781
73 96 0.00053333333333333282
74 96 0.00071111111111111082
75 96 0.00053333333333333358
84 96 0.0015999999999999994
85 96 0.0021333333333333347
86 96 0.0016000000000000025
95 96 0.0063999999999999908
96 96 0.0085333333333333303
97 96 0.0064000000000000055
106 96 0.0015999999999999968
107 96 0.0021333333333333313
108 96 0.0015999999999999996
117 96 0.00053333333333333336
118 96 0.00071111111111111125
119 96 0.00053333333333333401
73 97 0.00017777777777777768
74 97 0.00053333333333333358
75 97 0.0021333333333333326
76 97 0.00053333333333333293
77 97 0.00017777777777777781
84 97 0.00053333333333333368
85 97 0.0016000000000000025
86 97 0.0064000000000000072
87 97 0.0015999999999999996
88 97 0.00053333333333333423
95 97 0.0021333333333333326
96 97 0.0064000000000000046
97 97 0.025599999999999994
98 97 0.0063999999999999951
99 97 0.0021333333333333347
106 97 0.00053333333333333282
107 97 0.0015999999999999996
108 97 0.006399999999999996
109 97 0.0015999999999999973
110 97 0.00053333333333333325
117 97 0.00017777777777777781
118 97 0.00053333333333333401
119 97 0.0021333333333333343
120 97 0.00053333333333333336
121 97 0.00017777777777777795
75 98 0.00053333333333333293
76 98 0.00071111111111111136
77 98 0.00053333333333333368
86 98 0.0015999999999999996
87 98 0.0021333333333333369
88 98 0.0016000000000000027
97 98 0.0063999999999999951
98 98 0.0085333333333333389
99 98 0.0064000000000000064
108 98 0.001599999999999997
109 98 0.002133333333333333
