# Created by Octave 5.2.0, Tue Oct 26 13:23:16 2021 CEST <omen@omen-linux>
# name: ans
# type: sparse matrix
# nnz: 1681
# rows: 121
# columns: 121
1 1 0.0064000000000000003
2 1 0.0032000000000000006
3 1 0.0010666666666666665
12 1 0.0032000000000000002
13 1 0.0016000000000000005
14 1 0.00053333333333333368
23 1 0.0010666666666666672
24 1 0.00053333333333333368
25 1 0.00017777777777777781
1 2 0.0032000000000000006
2 2 0.0042666666666666669
3 2 0.0032000000000000006
12 2 0.0016000000000000005
13 2 0.0021333333333333347
14 2 0.0016000000000000007
23 2 0.00053333333333333368
24 2 0.00071111111111111125
25 2 0.00053333333333333347
1 3 0.0010666666666666667
2 3 0.0032000000000000006
3 3 0.012800000000000001
4 3 0.0031999999999999993
5 3 0.0010666666666666667
12 3 0.00053333333333333368
13 3 0.0016000000000000007
14 3 0.0064000000000000003
15 3 0.0016000000000000001
16 3 0.00053333333333333368
23 3 0.00017777777777777781
24 3 0.00053333333333333358
25 3 0.0021333333333333326
26 3 0.00053333333333333368
27 3 0.00017777777777777784
3 4 0.0031999999999999993
4 4 0.0042666666666666669
5 4 0.0032000000000000023
14 4 0.0016000000000000001
15 4 0.0021333333333333347
16 4 0.0016000000000000016
25 4 0.00053333333333333368
26 4 0.00071111111111111136
27 4 0.0005333333333333339
3 5 0.0010666666666666667
4 5 0.0032000000000000023
5 5 0.012800000000000004
6 5 0.0032000000000000015
7 5 0.0010666666666666672
14 5 0.00053333333333333368
15 5 0.0016000000000000016
16 5 0.0064000000000000046
17 5 0.0016000000000000009
18 5 0.00053333333333333379
25 5 0.00017777777777777784
26 5 0.0005333333333333339
27 5 0.0021333333333333343
28 5 0.0005333333333333339
29 5 0.00017777777777777787
5 6 0.0032000000000000019
6 6 0.0042666666666666695
7 6 0.0032000000000000023
16 6 0.0016000000000000012
17 6 0.0021333333333333356
18 6 0.0016000000000000012
27 6 0.0005333333333333339
28 6 0.00071111111111111158
29 6 0.0005333333333333339
5 7 0.0010666666666666672
6 7 0.0032000000000000023
7 7 0.012800000000000001
8 7 0.0031999999999999963
9 7 0.0010666666666666663
16 7 0.00053333333333333379
17 7 0.0016000000000000012
18 7 0.0063999999999999986
19 7 0.0015999999999999983
20 7 0.00053333333333333347
27 7 0.00017777777777777787
28 7 0.0005333333333333339
29 7 0.0021333333333333326
30 7 0.00053333333333333314
31 7 0.00017777777777777773
7 8 0.0031999999999999963
8 8 0.0042666666666666651
9 8 0.0032000000000000032
18 8 0.0015999999999999983
19 8 0.0021333333333333339
20 8 0.0016000000000000014
29 8 0.00053333333333333314
30 8 0.00071111111111111104
31 8 0.0005333333333333339
7 9 0.0010666666666666663
8 9 0.0032000000000000032
9 9 0.012800000000000004
10 9 0.0031999999999999967
11 9 0.0010666666666666672
18 9 0.00053333333333333347
19 9 0.0016000000000000014
20 9 0.006400000000000002
21 9 0.0015999999999999986
22 9 0.00053333333333333379
29 9 0.00017777777777777773
30 9 0.0005333333333333339
31 9 0.0021333333333333334
32 9 0.00053333333333333314
33 9 0.00017777777777777792
9 10 0.0031999999999999967
10 10 0.0042666666666666686
11 10 0.0032000000000000041
20 10 0.0015999999999999986
21 10 0.0021333333333333352
22 10 0.0016000000000000018
31 10 0.00053333333333333314
32 10 0.00071111111111111169
33 10 0.00053333333333333412
9 11 0.0010666666666666672
10 11 0.0032000000000000036
11 11 0.0063999999999999899
20 11 0.00053333333333333379
21 11 0.0016000000000000016
22 11 0.0031999999999999954
31 11 0.00017777777777777792
32 11 0.00053333333333333412
33 11 0.0010666666666666652
1 12 0.0032000000000000006
2 12 0.0016000000000000005
3 12 0.00053333333333333368
12 12 0.0042666666666666677
13 12 0.0021333333333333347
14 12 0.00071111111111111125
23 12 0.0032000000000000002
24 12 0.0016000000000000005
25 12 0.00053333333333333368
1 13 0.0016000000000000005
2 13 0.0021333333333333347
3 13 0.0016000000000000007
12 13 0.0021333333333333347
13 13 0.002844444444444445
14 13 0.0021333333333333343
23 13 0.0016000000000000005
24 13 0.0021333333333333347
25 13 0.0016000000000000005
1 14 0.00053333333333333368
2 14 0.0016000000000000007
3 14 0.0064000000000000003
4 14 0.0016000000000000001
5 14 0.00053333333333333368
12 14 0.00071111111111111125
13 14 0.0021333333333333343
14 14 0.0085333333333333303
15 14 0.0021333333333333347
16 14 0.00071111111111111136
23 14 0.00053333333333333368
24 14 0.0016000000000000007
25 14 0.006400000000000002
26 14 0.0016000000000000001
27 14 0.00053333333333333368
3 15 0.0016000000000000001
4 15 0.0021333333333333347
5 15 0.0016000000000000016
14 15 0.0021333333333333347
15 15 0.0028444444444444454
16 15 0.0021333333333333356
25 15 0.0016000000000000003
26 15 0.0021333333333333347
27 15 0.0016000000000000018
3 16 0.00053333333333333368
4 16 0.0016000000000000016
5 16 0.0064000000000000046
6 16 0.0016000000000000009
7 16 0.00053333333333333379
14 16 0.00071111111111111136
15 16 0.0021333333333333356
16 16 0.0085333333333333372
17 16 0.0021333333333333356
18 16 0.00071111111111111147
25 16 0.00053333333333333368
26 16 0.0016000000000000018
27 16 0.0064000000000000046
28 16 0.0016000000000000014
29 16 0.0005333333333333339
5 17 0.0016000000000000012
6 17 0.0021333333333333356
7 17 0.0016000000000000014
16 17 0.0021333333333333356
17 17 0.0028444444444444463
18 17 0.0021333333333333356
27 17 0.0016000000000000014
28 17 0.0021333333333333356
29 17 0.0016000000000000016
5 18 0.00053333333333333379
6 18 0.0016000000000000014
7 18 0.0063999999999999986
8 18 0.0015999999999999983
9 18 0.00053333333333333347
16 18 0.00071111111111111147
17 18 0.0021333333333333356
18 18 0.0085333333333333285
19 18 0.0021333333333333326
20 18 0.00071111111111111093
27 18 0.0005333333333333339
28 18 0.0016000000000000016
29 18 0.0064000000000000029
30 18 0.0015999999999999986
31 18 0.00053333333333333347
7 19 0.0015999999999999983
8 19 0.0021333333333333339
9 19 0.0016000000000000012
18 19 0.0021333333333333326
19 19 0.0028444444444444441
20 19 0.0021333333333333356
29 19 0.0015999999999999986
30 19 0.0021333333333333339
31 19 0.0016000000000000016
7 20 0.00053333333333333347
8 20 0.0016000000000000014
9 20 0.006400000000000002
10 20 0.0015999999999999986
11 20 0.00053333333333333379
18 20 0.00071111111111111093
19 20 0.0021333333333333356
20 20 0.0085333333333333303
21 20 0.0021333333333333326
22 20 0.00071111111111111169
29 20 0.00053333333333333347
30 20 0.0016000000000000016
31 20 0.0064000000000000046
32 20 0.0015999999999999988
33 20 0.0005333333333333339
9 21 0.0015999999999999986
10 21 0.0021333333333333352
11 21 0.0016000000000000016
20 21 0.0021333333333333326
21 21 0.0028444444444444467
22 21 0.002133333333333336
31 21 0.0015999999999999988
32 21 0.0021333333333333356
33 21 0.001600000000000002
9 22 0.00053333333333333379
10 22 0.0016000000000000018
11 22 0.0031999999999999954
20 22 0.00071111111111111169
21 22 0.002133333333333336
22 22 0.0042666666666666608
31 22 0.0005333333333333339
32 22 0.001600000000000002
33 22 0.0031999999999999958
1 23 0.0010666666666666669
2 23 0.00053333333333333368
3 23 0.00017777777777777781
12 23 0.0032000000000000002
13 23 0.0016000000000000005
14 23 0.00053333333333333368
23 23 0.012800000000000002
24 23 0.0064000000000000003
25 23 0.002133333333333333
34 23 0.0031999999999999993
35 23 0.0016000000000000003
36 23 0.00053333333333333358
45 23 0.0010666666666666669
46 23 0.00053333333333333379
47 23 0.00017777777777777784
1 24 0.00053333333333333368
2 24 0.00071111111111111125
3 24 0.00053333333333333347
12 24 0.0016000000000000005
13 24 0.0021333333333333347
14 24 0.0016000000000000007
23 24 0.0064000000000000003
24 24 0.008533333333333332
25 24 0.0064000000000000003
34 24 0.0016000000000000003
35 24 0.0021333333333333343
36 24 0.0015999999999999999
45 24 0.00053333333333333379
46 24 0.00071111111111111125
47 24 0.00053333333333333368
1 25 0.00017777777777777781
2 25 0.00053333333333333347
3 25 0.0021333333333333326
4 25 0.00053333333333333368
5 25 0.00017777777777777784
12 25 0.00053333333333333368
13 25 0.0016000000000000007
14 25 0.006400000000000002
