# Created by Octave 5.2.0, Sat Oct 09 19:06:59 2021 CEST <omen@omen-linux>
# name: ans
# type: sparse matrix
# nnz: 64
# rows: 16
# columns: 16
1 1 0.11111111111111109
2 1 0.055555555555555566
5 1 0.055555555555555566
6 1 0.027777777777777783
1 2 0.055555555555555566
2 2 0.1111111111111111
5 2 0.027777777777777783
6 2 0.055555555555555559
3 3 0.11111111111111109
4 3 0.055555555555555566
7 3 0.055555555555555566
8 3 0.027777777777777787
3 4 0.055555555555555566
4 4 0.1111111111111111
7 4 0.027777777777777787
8 4 0.055555555555555559
1 5 0.055555555555555573
2 5 0.027777777777777783
5 5 0.1111111111111111
6 5 0.055555555555555552
1 6 0.027777777777777783
2 6 0.055555555555555559
5 6 0.055555555555555552
6 6 0.1111111111111111
3 7 0.055555555555555573
4 7 0.027777777777777787
7 7 0.1111111111111111
8 7 0.055555555555555552
3 8 0.027777777777777787
4 8 0.055555555555555566
7 8 0.055555555555555552
8 8 0.1111111111111111
9 9 0.11111111111111109
10 9 0.055555555555555566
13 9 0.055555555555555566
14 9 0.027777777777777783
9 10 0.055555555555555566
10 10 0.1111111111111111
13 10 0.027777777777777783
14 10 0.055555555555555566
11 11 0.11111111111111109
12 11 0.055555555555555566
15 11 0.055555555555555566
16 11 0.027777777777777787
11 12 0.055555555555555566
12 12 0.1111111111111111
15 12 0.027777777777777787
16 12 0.055555555555555566
9 13 0.055555555555555573
10 13 0.027777777777777787
13 13 0.1111111111111111
14 13 0.055555555555555552
9 14 0.027777777777777787
10 14 0.055555555555555566
13 14 0.055555555555555552
14 14 0.1111111111111111
11 15 0.055555555555555573
12 15 0.027777777777777787
15 15 0.1111111111111111
16 15 0.055555555555555552
11 16 0.027777777777777787
12 16 0.055555555555555566
15 16 0.055555555555555552
16 16 0.1111111111111111


