# Created by Octave 5.2.0, Sat Oct 09 22:37:48 2021 CEST <omen@omen-linux>
# name: B
# type: sparse matrix
# nnz: 1600
# rows: 64
# columns: 64
1 1 0.0090702947845804974
2 1 0.0045351473922902478
3 1 0.0020408163265306116
4 1 0.00022675736961451243
9 1 0.0045351473922902487
10 1 0.0022675736961451235
11 1 0.001020408163265306
12 1 0.00011337868480725626
17 1 0.002040816326530612
18 1 0.001020408163265306
19 1 0.00045918367346938779
20 1 5.1020408163265315e-05
25 1 0.00022675736961451246
26 1 0.00011337868480725626
27 1 5.1020408163265315e-05
28 1 5.6689342403628128e-06
1 2 0.0045351473922902478
2 2 0.0054421768707482981
3 2 0.0049886621315192725
4 2 0.00090702947845804982
9 2 0.0022675736961451235
10 2 0.002721088435374149
11 2 0.0024943310657596371
12 2 0.00045351473922902491
17 2 0.001020408163265306
18 2 0.0012244897959183675
19 2 0.0011224489795918372
20 2 0.00020408163265306131
25 2 0.00011337868480725626
26 2 0.00013605442176870751
27 2 0.00012471655328798192
28 2 2.2675736961451254e-05
1 3 0.0020408163265306116
2 3 0.0049886621315192725
3 3 0.01451247165532879
4 3 0.0090702947845804887
5 3 0.0010204081632653056
6 3 0.0001133786848072562
9 3 0.001020408163265306
10 3 0.0024943310657596371
11 3 0.007256235827664396
12 3 0.004535147392290247
13 3 0.00051020408163265289
14 3 5.6689342403628114e-05
17 3 0.00045918367346938779
18 3 0.0011224489795918372
19 3 0.0032653061224489806
20 3 0.002040816326530612
21 3 0.00022959183673469381
22 3 2.5510204081632651e-05
25 3 5.1020408163265308e-05
26 3 0.00012471655328798192
27 3 0.00036281179138322023
28 3 0.00022675736961451243
29 3 2.5510204081632647e-05
30 3 2.8344671201814064e-06
1 4 0.00022675736961451243
2 4 0.00090702947845804972
3 4 0.0090702947845804887
4 4 0.01451247165532879
5 4 0.0060090702947845787
6 4 0.001020408163265306
9 4 0.00011337868480725624
10 4 0.00045351473922902491
11 4 0.004535147392290247
12 4 0.0072562358276643986
13 4 0.0030045351473922907
14 4 0.000510204081632653
17 4 5.1020408163265315e-05
18 4 0.00020408163265306131
19 4 0.002040816326530612
20 4 0.0032653061224489806
21 4 0.0013520408163265314
22 4 0.00022959183673469389
25 4 5.6689342403628128e-06
26 4 2.2675736961451254e-05
27 4 0.00022675736961451243
28 4 0.0003628117913832198
29 4 0.00015022675736961453
30 4 2.5510204081632664e-05
3 5 0.0010204081632653056
4 5 0.0060090702947845787
5 5 0.014512471655328795
6 5 0.0090702947845804887
7 5 0.0009070294784580495
8 5 0.00022675736961451235
11 5 0.00051020408163265289
12 5 0.0030045351473922907
13 5 0.0072562358276643977
14 5 0.004535147392290247
15 5 0.0004535147392290248
16 5 0.00011337868480725623
19 5 0.00022959183673469381
20 5 0.0013520408163265314
21 5 0.0032653061224489814
22 5 0.0020408163265306124
23 5 0.00020408163265306123
24 5 5.1020408163265288e-05
27 5 2.5510204081632647e-05
28 5 0.00015022675736961453
29 5 0.00036281179138322034
30 5 0.00022675736961451246
31 5 2.2675736961451244e-05
32 5 5.6689342403628102e-06
3 6 0.0001133786848072562
4 6 0.0010204081632653062
5 6 0.0090702947845804904
6 6 0.014512471655328787
7 6 0.0049886621315192699
8 6 0.0020408163265306111
11 6 5.6689342403628114e-05
12 6 0.000510204081632653
13 6 0.004535147392290247
14 6 0.0072562358276643977
15 6 0.0024943310657596367
16 6 0.0010204081632653058
19 6 2.5510204081632651e-05
20 6 0.00022959183673469392
21 6 0.0020408163265306124
22 6 0.0032653061224489797
23 6 0.001122448979591837
24 6 0.00045918367346938762
27 6 2.8344671201814064e-06
28 6 2.5510204081632664e-05
29 6 0.00022675736961451246
30 6 0.00036281179138321969
31 6 0.00012471655328798187
32 6 5.1020408163265308e-05
5 7 0.00090702947845804928
6 7 0.0049886621315192699
7 7 0.0054421768707482946
8 7 0.004535147392290247
13 7 0.0004535147392290248
14 7 0.0024943310657596367
15 7 0.0027210884353741486
16 7 0.0022675736961451235
21 7 0.00020408163265306123
22 7 0.001122448979591837
23 7 0.0012244897959183671
24 7 0.001020408163265306
29 7 2.2675736961451244e-05
30 7 0.00012471655328798187
31 7 0.00013605442176870751
32 7 0.00011337868480725623
5 8 0.00022675736961451235
6 8 0.0020408163265306111
7 8 0.004535147392290247
8 8 0.0090702947845804922
13 8 0.00011337868480725623
14 8 0.0010204081632653058
15 8 0.0022675736961451235
16 8 0.0045351473922902487
21 8 5.1020408163265288e-05
22 8 0.00045918367346938762
23 8 0.001020408163265306
24 8 0.002040816326530612
29 8 5.6689342403628102e-06
30 8 5.1020408163265308e-05
31 8 0.00011337868480725623
32 8 0.00022675736961451246
1 9 0.0045351473922902487
2 9 0.0022675736961451239
3 9 0.0010204081632653058
4 9 0.00011337868480725626
9 9 0.0054421768707482972
10 9 0.002721088435374149
11 9 0.0012244897959183675
12 9 0.00013605442176870756
17 9 0.0049886621315192716
18 9 0.0024943310657596371
19 9 0.0011224489795918374
20 9 0.00012471655328798195
25 9 0.00090702947845804982
26 9 0.00045351473922902497
27 9 0.00020408163265306123
28 9 2.2675736961451251e-05
1 10 0.0022675736961451239
2 10 0.0027210884353741486
3 10 0.0024943310657596371
4 10 0.00045351473922902491
9 10 0.002721088435374149
10 10 0.0032653061224489801
11 10 0.0029931972789115657
12 10 0.00054421768707482981
17 10 0.0024943310657596371
18 10 0.0029931972789115661
19 10 0.0027437641723356021
20 10 0.00049886621315192758
25 10 0.00045351473922902497
26 10 0.00054421768707482992
27 10 0.00049886621315192769
28 10 9.0702947845805004e-05
1 11 0.0010204081632653058
2 11 0.0024943310657596367
3 11 0.007256235827664396
4 11 0.004535147392290247
5 11 0.00051020408163265278
6 11 5.6689342403628114e-05
9 11 0.0012244897959183675
10 11 0.0029931972789115657
11 11 0.0087074829931972821
12 11 0.0054421768707482963
13 11 0.00061224489795918364
14 11 6.8027210884353753e-05
17 11 0.0011224489795918374
18 11 0.0027437641723356021
19 11 0.0079818594104308395
20 11 0.0049886621315192742
21 11 0.00056122448979591859
22 11 6.2358276643990961e-05
25 11 0.00020408163265306123
26 11 0.00049886621315192769
27 11 0.0014512471655328805
28 11 0.00090702947845805004
29 11 0.00010204081632653059
30 11 1.1337868480725622e-05
1 12 0.00011337868480725624
2 12 0.00045351473922902491
3 12 0.004535147392290247
4 12 0.0072562358276643995
5 12 0.0030045351473922907
6 12 0.00051020408163265311
9 12 0.00013605442176870751
10 12 0.00054421768707482981
11 12 0.0054421768707482963
12 12 0.0087074829931972769
13 12 0.0036054421768707489
14 12 0.00061224489795918397
17 12 0.00012471655328798195
18 12 0.00049886621315192758
19 12 0.0049886621315192742
20 12 0.0079818594104308395
21 12 0.0033049886621315198
22 12 0.0005612244897959187
25 12 2.2675736961451251e-05
26 12 9.0702947845805004e-05
27 12 0.00090702947845805004
28 12 0.0014512471655328798
29 12 0.00060090702947845822
30 12 0.00010204081632653064
3 13 0.00051020408163265278
4 13 0.0030045351473922907
5 13 0.0072562358276643977
6 13 0.0045351473922902461
7 13 0.00045351473922902491
8 13 0.00011337868480725623
11 13 0.00061224489795918364
12 13 0.0036054421768707489
13 13 0.0087074829931972856
14 13 0.0054421768707482998
15 13 0.00054421768707482992
16 13 0.00013605442176870748
19 13 0.00056122448979591859
20 13 0.0033049886621315198
21 13 0.007981859410430843
22 13 0.0049886621315192751
23 13 0.00049886621315192747
24 13 0.00012471655328798189
27 13 0.00010204081632653059
28 13 0.00060090702947845822
29 13 0.0014512471655328809
30 13 0.00090702947845804993
31 13 9.0702947845805018e-05
32 13 2.2675736961451244e-05
3 14 5.6689342403628114e-05
4 14 0.00051020408163265311
5 14 0.004535147392290247
6 14 0.0072562358276643977
7 14 0.0024943310657596363
8 14 0.0010204081632653058
11 14 6.8027210884353753e-05
12 14 0.00061224489795918397
13 14 0.0054421768707482998
14 14 0.0087074829931972769
15 14 0.0029931972789115644
16 14 0.0012244897959183671
19 14 6.2358276643990947e-05
20 14 0.0005612244897959187
21 14 0.0049886621315192751
22 14 0.0079818594104308395
23 14 0.0027437641723356012
24 14 0.001122448979591837
27 14 1.1337868480725622e-05
28 14 0.00010204081632653064
29 14 0.00090702947845805004
30 14 0.0014512471655328796
