# Created by Octave 5.2.0, Sat Oct 09 22:21:11 2021 CEST <omen@omen-linux>
# name: ans
# type: sparse matrix
# nnz: 625
# rows: 49
# columns: 49
1 1 0.01777777777777776
2 1 0.0088888888888888889
3 1 0.0029629629629629624
8 1 0.0088888888888888871
9 1 0.0044444444444444453
10 1 0.0014814814814814814
15 1 0.0029629629629629624
16 1 0.0014814814814814812
17 1 0.00049382716049382717
1 2 0.0088888888888888889
2 2 0.01185185185185185
3 2 0.0088888888888888854
8 2 0.0044444444444444453
9 2 0.0059259259259259256
10 2 0.0044444444444444453
15 2 0.001481481481481481
16 2 0.0019753086419753087
17 2 0.0014814814814814816
1 3 0.0029629629629629624
2 3 0.0088888888888888854
3 3 0.035555555555555542
4 3 0.0088888888888888854
5 3 0.0029629629629629624
8 3 0.0014814814814814814
9 3 0.0044444444444444453
10 3 0.017777777777777771
11 3 0.0044444444444444444
12 3 0.0014814814814814812
15 3 0.00049382716049382717
16 3 0.0014814814814814816
17 3 0.0059259259259259222
18 3 0.0014814814814814805
19 3 0.00049382716049382717
3 4 0.0088888888888888854
4 4 0.01185185185185185
5 4 0.0088888888888888889
10 4 0.0044444444444444444
11 4 0.0059259259259259248
12 4 0.0044444444444444453
17 4 0.0014814814814814805
18 4 0.0019753086419753087
19 4 0.0014814814814814818
3 5 0.0029629629629629624
4 5 0.0088888888888888871
5 5 0.035555555555555562
6 5 0.0088888888888888837
7 5 0.0029629629629629619
10 5 0.0014814814814814812
11 5 0.0044444444444444462
12 5 0.017777777777777781
13 5 0.0044444444444444436
14 5 0.001481481481481481
17 5 0.00049382716049382717
18 5 0.0014814814814814818
19 5 0.0059259259259259265
20 5 0.0014814814814814805
21 5 0.00049382716049382706
5 6 0.0088888888888888837
6 6 0.011851851851851846
7 6 0.0088888888888888854
12 6 0.0044444444444444444
13 6 0.0059259259259259239
14 6 0.0044444444444444436
19 6 0.0014814814814814805
20 6 0.0019753086419753083
21 6 0.001481481481481481
5 7 0.0029629629629629615
6 7 0.0088888888888888837
7 7 0.017777777777777767
12 7 0.001481481481481481
13 7 0.0044444444444444436
14 7 0.0088888888888888871
19 7 0.00049382716049382706
20 7 0.001481481481481481
21 7 0.0029629629629629624
1 8 0.0088888888888888871
2 8 0.0044444444444444453
3 8 0.0014814814814814812
8 8 0.01185185185185185
9 8 0.0059259259259259248
10 8 0.0019753086419753087
15 8 0.0088888888888888871
16 8 0.0044444444444444453
17 8 0.0014814814814814814
1 9 0.0044444444444444453
2 9 0.0059259259259259248
3 9 0.0044444444444444453
8 9 0.0059259259259259248
9 9 0.0079012345679012348
10 9 0.0059259259259259265
15 9 0.0044444444444444453
16 9 0.0059259259259259256
17 9 0.0044444444444444453
1 10 0.0014814814814814812
2 10 0.0044444444444444453
3 10 0.017777777777777771
4 10 0.0044444444444444444
5 10 0.0014814814814814812
8 10 0.0019753086419753087
9 10 0.0059259259259259265
10 10 0.023703703703703689
11 10 0.0059259259259259222
12 10 0.0019753086419753087
15 10 0.0014814814814814814
16 10 0.0044444444444444453
17 10 0.017777777777777774
18 10 0.0044444444444444436
19 10 0.0014814814814814814
3 11 0.0044444444444444444
4 11 0.0059259259259259248
5 11 0.0044444444444444462
10 11 0.0059259259259259222
11 11 0.0079012345679012348
12 11 0.0059259259259259274
17 11 0.0044444444444444436
18 11 0.0059259259259259256
19 11 0.0044444444444444462
3 12 0.0014814814814814812
4 12 0.0044444444444444462
5 12 0.017777777777777781
6 12 0.0044444444444444444
7 12 0.001481481481481481
10 12 0.0019753086419753087
11 12 0.0059259259259259274
12 12 0.023703703703703706
13 12 0.0059259259259259222
14 12 0.0019753086419753083
17 12 0.0014814814814814814
18 12 0.0044444444444444462
19 12 0.017777777777777785
20 12 0.0044444444444444444
21 12 0.0014814814814814812
5 13 0.0044444444444444444
6 13 0.0059259259259259239
7 13 0.0044444444444444444
12 13 0.0059259259259259222
13 13 0.007901234567901233
14 13 0.0059259259259259248
19 13 0.0044444444444444444
20 13 0.0059259259259259239
21 13 0.0044444444444444444
5 14 0.001481481481481481
6 14 0.0044444444444444444
7 14 0.0088888888888888871
12 14 0.0019753086419753083
13 14 0.0059259259259259248
14 14 0.01185185185185185
19 14 0.0014814814814814812
20 14 0.0044444444444444444
21 14 0.0088888888888888854
1 15 0.0029629629629629624
2 15 0.0014814814814814812
3 15 0.00049382716049382717
8 15 0.0088888888888888871
9 15 0.0044444444444444453
10 15 0.0014814814814814814
15 15 0.035555555555555549
16 15 0.017777777777777771
17 15 0.0059259259259259239
22 15 0.0088888888888888854
23 15 0.0044444444444444444
24 15 0.0014814814814814808
29 15 0.0029629629629629624
30 15 0.0014814814814814812
31 15 0.00049382716049382717
1 16 0.001481481481481481
2 16 0.0019753086419753087
3 16 0.0014814814814814816
8 16 0.0044444444444444453
9 16 0.0059259259259259256
10 16 0.0044444444444444453
15 16 0.017777777777777771
16 16 0.023703703703703696
17 16 0.017777777777777781
22 16 0.0044444444444444444
23 16 0.005925925925925923
24 16 0.0044444444444444444
29 16 0.001481481481481481
30 16 0.0019753086419753087
31 16 0.0014814814814814814
1 17 0.00049382716049382717
2 17 0.0014814814814814816
3 17 0.0059259259259259222
4 17 0.0014814814814814805
5 17 0.00049382716049382717
8 17 0.0014814814814814814
9 17 0.0044444444444444453
10 17 0.017777777777777771
11 17 0.0044444444444444444
12 17 0.0014814814814814814
15 17 0.0059259259259259239
16 17 0.017777777777777778
17 17 0.071111111111111097
18 17 0.017777777777777767
19 17 0.0059259259259259239
22 17 0.0014814814814814808
23 17 0.0044444444444444444
24 17 0.017777777777777764
25 17 0.0044444444444444427
26 17 0.0014814814814814808
29 17 0.00049382716049382717
30 17 0.0014814814814814816
31 17 0.0059259259259259222
32 17 0.0014814814814814805
33 17 0.00049382716049382717
3 18 0.0014814814814814805
4 18 0.0019753086419753087
5 18 0.0014814814814814818
10 18 0.0044444444444444444
11 18 0.0059259259259259256
12 18 0.0044444444444444462
17 18 0.017777777777777767
18 18 0.023703703703703696
19 18 0.017777777777777781
24 18 0.0044444444444444427
25 18 0.005925925925925923
26 18 0.0044444444444444444
31 18 0.0014814814814814805
32 18 0.0019753086419753087
33 18 0.0014814814814814816
3 19 0.00049382716049382717
4 19 0.0014814814814814818
5 19 0.0059259259259259265
6 19 0.0014814814814814803
7 19 0.00049382716049382706
10 19 0.0014814814814814814
11 19 0.0044444444444444462
12 19 0.017777777777777785
13 19 0.0044444444444444444
14 19 0.001481481481481481
17 19 0.0059259259259259239
18 19 0.017777777777777778
19 19 0.071111111111111125
20 19 0.017777777777777764
21 19 0.0059259259259259239
24 19 0.0014814814814814808
25 19 0.0044444444444444453
26 19 0.017777777777777774
27 19 0.0044444444444444427
28 19 0.0014814814814814808
31 19 0.00049382716049382717
32 19 0.0014814814814814818
33 19 0.0059259259259259265
34 19 0.0014814814814814803
35 19 0.00049382716049382706
5 20 0.0014814814814814803
6 20 0.0019753086419753083
7 20 0.0014814814814814812
12 20 0.0044444444444444444
13 20 0.0059259259259259239
14 20 0.0044444444444444444
19 20 0.017777777777777764
20 20 0.023703703703703692
21 20 0.017777777777777774
26 20 0.0044444444444444427
27 20 0.005925925925925923
28 20 0.0044444444444444436
33 20 0.0014814814814814805
34 20 0.0019753086419753083
35 20 0.001481481481481481
5 21 0.00049382716049382706
6 21 0.0014814814814814812
7 21 0.0029629629629629628
12 21 0.0014814814814814812
13 21 0.0044444444444444444
14 21 0.0088888888888888854
19 21 0.0059259259259259239
20 21 0.017777777777777771
21 21 0.035555555555555542
26 21 0.0014814814814814808
27 21 0.0044444444444444436
28 21 0.0088888888888888837
33 21 0.00049382716049382706
34 21 0.001481481481481481
35 21 0.0029629629629629628
15 22 0.0088888888888888837
16 22 0.0044444444444444444
17 22 0.0014814814814814808
22 22 0.01185185185185185
23 22 0.0059259259259259248
24 22 0.0019753086419753087
29 22 0.0088888888888888889
30 22 0.004444444444444447
31 22 0.0014814814814814814
15 23 0.0044444444444444444
16 23 0.005925925925925923
17 23 0.0044444444444444444
22 23 0.0059259259259259248
